chr	start	end	not_musc_avg	musc_average	dist	leuk_average
chr1	1028878	1028879	0.892904505	0.413533333	0.479371171	0.9377125
chr1	1248492	1248493	0.810194595	0.48575	0.324444595	0.944325
chr1	1490676	1490677	0.809467568	0.440083333	0.369384234	0.9525625
chr1	1848649	1848650	0.817464865	0.42205	0.395414865	0.903425
chr1	1849195	1849196	0.861144144	0.44725	0.413894144	0.9482875
chr1	1873750	1873751	0.804888288	0.45405	0.350838288	0.900825
chr1	2003577	2003578	0.829028829	0.441966667	0.387062162	0.91585
chr1	2003605	2003606	0.832356757	0.4347	0.397656757	0.9013875
chr1	2429005	2429006	0.828690991	0.482966667	0.345724324	0.90765
chr1	2938954	2938955	0.881572072	0.49145	0.390122072	0.9026
chr1	6131294	6131295	0.838654054	0.450883333	0.387770721	0.925575
chr1	6131676	6131677	0.883957658	0.438066667	0.445890991	0.968625
chr1	6659205	6659206	0.828507207	0.48595	0.342557207	0.934925
chr1	7284226	7284227	0.854936937	0.403133333	0.451803604	0.9006
chr1	7289937	7289938	0.818728829	0.453566667	0.365162162	0.924025
chr1	10600222	10600223	0.830844144	0.435116667	0.395727477	0.9295125
chr1	11020631	11020632	0.878346847	0.4642	0.414146847	0.942875
chr1	12609308	12609309	0.812199099	0.37975	0.432449099	0.96135
chr1	12625959	12625960	0.856065766	0.452566667	0.403499099	0.9500125
chr1	16342155	16342156	0.928425225	0.4535	0.474925225	0.96355
chr1	16966354	16966355	0.805543243	0.436733333	0.36880991	0.9014875
chr1	30511748	30511749	0.815589189	0.458666667	0.356922523	0.914175
chr1	32664981	32664982	0.808536937	0.495983333	0.312553604	0.9451375
chr1	33865007	33865008	0.805078378	0.48445	0.320628378	0.95895
chr1	36859272	36859273	0.807458559	0.457416667	0.350041892	0.9198
chr1	38467704	38467705	0.867884685	0.404866667	0.463018018	0.9351375
chr1	52210504	52210505	0.826487387	0.44205	0.384437387	0.9162875
chr1	54859921	54859922	0.883561261	0.467816667	0.415744595	0.9481375
chr1	55024844	55024845	0.831656757	0.471816667	0.35984009	0.9362375
chr1	59893192	59893193	0.808321622	0.352916667	0.455404955	0.9168
chr1	64067694	64067695	0.883706306	0.455416667	0.42828964	0.96955
chr1	68225713	68225714	0.832634234	0.483216667	0.349417568	0.9131875
chr1	71632244	71632245	0.810024324	0.440033333	0.369990991	0.943875
chr1	76840032	76840033	0.843282883	0.4654	0.377882883	0.9442125
chr1	86534132	86534133	0.818443243	0.463983333	0.35445991	0.9502875
chr1	110889998	110889999	0.80022973	0.432783333	0.367446396	0.94535
chr1	116311579	116311580	0.837530631	0.4265	0.411030631	0.9441
chr1	116311644	116311645	0.813510811	0.390866667	0.422644144	0.917675
chr1	145486610	145486611	0.827827027	0.457316667	0.37051036	0.9576375
chr1	147083949	147083950	0.855436036	0.402716667	0.452719369	0.9339375
chr1	151100644	151100645	0.891869369	0.493916667	0.397952703	0.914425
chr1	151148266	151148267	0.818004505	0.464	0.354004505	0.970475
chr1	153605715	153605716	0.80411982	0.484816667	0.319303153	0.941575
chr1	154834293	154834294	0.856718919	0.493233333	0.363485586	0.9495
chr1	159409207	159409208	0.80452973	0.441883333	0.362646396	0.903425
chr1	160112673	160112674	0.839597297	0.4955	0.344097297	0.9512875
chr1	166812566	166812567	0.846090991	0.474	0.372090991	0.9221125
chr1	167063668	167063669	0.847068468	0.4367	0.410368468	0.933725
chr1	167063879	167063880	0.884501802	0.4504	0.434101802	0.9629375
chr1	167063901	167063902	0.869181081	0.464666667	0.404514414	0.9658875
chr1	168698479	168698480	0.825152252	0.4333	0.391852252	0.9738125
chr1	168698867	168698868	0.830779279	0.413816667	0.416962613	0.921175
chr1	172113506	172113507	0.807493694	0.481166667	0.326327027	0.9630125
chr1	172416055	172416056	0.865730631	0.465733333	0.399997297	0.928925
chr1	178819182	178819183	0.820193694	0.489033333	0.33116036	0.9638625
chr1	178914986	178914987	0.810045045	0.446666667	0.363378378	0.947875
chr1	192983012	192983013	0.84079009	0.47795	0.36284009	0.9641125
chr1	196619631	196619632	0.834334234	0.411916667	0.422417568	0.9273375
chr1	196619732	196619733	0.846955856	0.360016667	0.486939189	0.913625
chr1	205210699	205210700	0.837709009	0.458783333	0.378925676	0.9428375
chr1	206867473	206867474	0.848110811	0.461866667	0.386244144	0.9416875
chr1	209799191	209799192	0.879407207	0.4986	0.380807207	0.9501875
chr1	212798200	212798201	0.844181982	0.494366667	0.349815315	0.9555
chr1	221737032	221737033	0.879508108	0.323083333	0.556424775	0.9664
chr1	228403357	228403358	0.907010811	0.474466667	0.432544144	0.9575625
chr1	230458271	230458272	0.808281081	0.432716667	0.375564414	0.9567625
chr1	231518525	231518526	0.867175676	0.444416667	0.422759009	0.9529625
chr1	235664791	235664792	0.829466667	0.486716667	0.34275	0.9599
chr1	236848700	236848701	0.818342342	0.410183333	0.408159009	0.9198375
chr1	240654013	240654014	0.853408108	0.435183333	0.418224775	0.91575
chr2	397730	397731	0.824210811	0.4614	0.362810811	0.95785
chr2	620265	620266	0.803707207	0.416583333	0.387123874	0.94215
chr2	1544321	1544322	0.897541441	0.350783333	0.546758108	0.940425
chr2	1544370	1544371	0.862638739	0.4446	0.418038739	0.9598375
chr2	1605954	1605955	0.812456757	0.320433333	0.492023423	0.9037875
chr2	1647197	1647198	0.914445045	0.488866667	0.425578378	0.9646875
chr2	1681153	1681154	0.838243243	0.452316667	0.385926577	0.948075
chr2	1690592	1690593	0.809235135	0.318883333	0.490351802	0.9144
chr2	1732172	1732173	0.827724324	0.478466667	0.349257658	0.9343625
chr2	1743009	1743010	0.813669369	0.426	0.387669369	0.9430125
chr2	3063249	3063250	0.854198198	0.496216667	0.357981532	0.9563125
chr2	3128823	3128824	0.847579279	0.448016667	0.399562613	0.95305
chr2	3826621	3826622	0.817131532	0.390183333	0.426948198	0.9368375
chr2	11118564	11118565	0.868669369	0.354533333	0.514136036	0.965475
chr2	11598968	11598969	0.810518018	0.465916667	0.344601351	0.94525
chr2	12480395	12480396	0.800967568	0.450283333	0.350684234	0.9525125
chr2	23854382	23854383	0.806814414	0.459233333	0.347581081	0.95855
chr2	30878576	30878577	0.881102703	0.380566667	0.500536036	0.956725
chr2	47356596	47356597	0.889004505	0.480066667	0.408937838	0.9455125
chr2	62420915	62420916	0.857079279	0.435416667	0.421662613	0.9494625
chr2	75878327	75878328	0.88371982	0.48975	0.39396982	0.966
chr2	76705915	76705916	0.825453153	0.380416667	0.445036486	0.934475
chr2	88366847	88366848	0.845117117	0.405766667	0.43935045	0.9055125
chr2	88367018	88367019	0.861658559	0.385366667	0.476291892	0.9672
chr2	96852116	96852117	0.810427027	0.391933333	0.418493694	0.9050375
chr2	96905601	96905602	0.858845946	0.498433333	0.360412613	0.9444125
chr2	96917567	96917568	0.855915315	0.468	0.387915315	0.9754
chr2	97220858	97220859	0.854567568	0.486066667	0.368500901	0.9319875
chr2	97501603	97501604	0.84274955	0.3484	0.49434955	0.936
chr2	97508486	97508487	0.805675676	0.44335	0.362325676	0.9502
chr2	97509831	97509832	0.826936937	0.381716667	0.44522027	0.9279
chr2	100634259	100634260	0.808295495	0.399533333	0.408762162	0.9628625
chr2	100689798	100689799	0.816643243	0.4083	0.408343243	0.92855
chr2	103334345	103334346	0.81806036	0.48985	0.32821036	0.9476875
chr2	103378506	103378507	0.827891892	0.360516667	0.467375225	0.9308375
chr2	103379054	103379055	0.878108108	0.440966667	0.437141441	0.95625
chr2	105363536	105363537	0.908774775	0.485833333	0.422941441	0.9591
chr2	106485483	106485484	0.802218018	0.486566667	0.315651351	0.9162625
chr2	106812100	106812101	0.853290991	0.48595	0.367340991	0.9720625
chr2	119991327	119991328	0.846575676	0.4656	0.380975676	0.919175
chr2	121261361	121261362	0.870309009	0.466933333	0.403375676	0.95915
chr2	127826149	127826150	0.823138739	0.467783333	0.355355405	0.94615
chr2	145162489	145162490	0.855589189	0.435133333	0.420455856	0.961675
chr2	152590396	152590397	0.852245946	0.494166667	0.358079279	0.9520375
chr2	152590736	152590737	0.872902703	0.469733333	0.403169369	0.9646
chr2	158666076	158666077	0.80948018	0.446683333	0.362796847	0.9155375
chr2	161335937	161335938	0.84813964	0.459883333	0.388256306	0.9320125
chr2	170366961	170366962	0.858179279	0.41595	0.442229279	0.9356
chr2	174454320	174454321	0.801123423	0.462316667	0.338806757	0.908275
chr2	179664219	179664220	0.881026126	0.4194	0.461626126	0.947075
chr2	179672691	179672692	0.86173964	0.460466667	0.401272973	0.92075
chr2	183780280	183780281	0.84647027	0.47445	0.37202027	0.95165
chr2	187474432	187474433	0.861002703	0.4566	0.404402703	0.9649625
chr2	201342582	201342583	0.813117117	0.358	0.455117117	0.9663375
chr2	202916133	202916134	0.856346847	0.483233333	0.373113514	0.919175
chr2	211168547	211168548	0.843012613	0.490616667	0.352395946	0.91375
chr2	217675069	217675070	0.886707207	0.386766667	0.499940541	0.9449
chr2	219442282	219442283	0.837991892	0.467433333	0.370558559	0.9600375
chr2	219485946	219485947	0.851915315	0.442	0.409915315	0.9520625
chr2	220280314	220280315	0.800524324	0.428383333	0.372140991	0.9201875
chr2	220317372	220317373	0.846286486	0.42965	0.416636486	0.9250375
chr2	224441764	224441765	0.835682883	0.44295	0.392732883	0.9401125
chr2	224873911	224873912	0.84032973	0.462533333	0.377796396	0.9391375
chr2	225183651	225183652	0.832173874	0.460566667	0.371607207	0.9252125
chr2	227625209	227625210	0.822379279	0.41915	0.403229279	0.9557375
chr2	232283700	232283701	0.892490991	0.4901	0.402390991	0.9463375
chr2	234338088	234338089	0.830130631	0.487066667	0.343063964	0.9539375
chr2	234764133	234764134	0.859808108	0.473333333	0.386474775	0.9585
chr2	236416064	236416065	0.834185586	0.487633333	0.346552252	0.9327375
chr2	236877461	236877462	0.855335135	0.392316667	0.463018468	0.92985
chr2	236877492	236877493	0.850152252	0.411966667	0.438185586	0.9512875
chr2	237150303	237150304	0.860836036	0.465566667	0.395269369	0.9307375
chr2	238187155	238187156	0.801435135	0.3266	0.474835135	0.93125
chr2	239064292	239064293	0.802648649	0.375316667	0.427331982	0.9111625
chr2	240224285	240224286	0.853967568	0.421316667	0.432650901	0.956825
chr2	240228189	240228190	0.810604505	0.370183333	0.440421171	0.946125
chr2	242445904	242445905	0.841604505	0.434	0.407604505	0.9452
chr3	8631797	8631798	0.828101802	0.42525	0.402851802	0.96235
chr3	10332589	10332590	0.809928829	0.43355	0.376378829	0.9511625
chr3	12735618	12735619	0.808836036	0.380783333	0.428052703	0.9177625
chr3	12858549	12858550	0.808058559	0.491533333	0.316525225	0.9316
chr3	13517897	13517898	0.878581982	0.448266667	0.430315315	0.9526125
chr3	14582901	14582902	0.834631532	0.422216667	0.412414865	0.9177625
chr3	15537318	15537319	0.805108108	0.4136	0.391508108	0.9435625
chr3	20223923	20223924	0.863794595	0.487116667	0.376677928	0.9533375
chr3	33466255	33466256	0.805064865	0.442316667	0.362748198	0.9525625
chr3	37038591	37038592	0.877037838	0.498	0.379037838	0.9379875
chr3	41360280	41360281	0.803172072	0.4765	0.326672072	0.9618375
chr3	42726970	42726971	0.833078378	0.4833	0.349778378	0.9229
chr3	43405550	43405551	0.810694595	0.296633333	0.514061261	0.958675
chr3	43795541	43795542	0.800500901	0.403883333	0.396617568	0.936325
chr3	45646427	45646428	0.835777477	0.474816667	0.360960811	0.95585
chr3	45647141	45647142	0.801264865	0.357016667	0.444248198	0.9661125
chr3	46605616	46605617	0.846868468	0.452183333	0.394685135	0.925625
chr3	47952611	47952612	0.820611712	0.463166667	0.357445045	0.9557375
chr3	51812802	51812803	0.851725225	0.48805	0.363675225	0.949475
chr3	52870543	52870544	0.873289189	0.424166667	0.449122523	0.9427125
chr3	61859135	61859136	0.839884685	0.476366667	0.363518018	0.920975
chr3	65550383	65550384	0.846427928	0.480066667	0.366361261	0.932825
chr3	66463731	66463732	0.803353153	0.399416667	0.403936486	0.9090625
chr3	67560049	67560050	0.862144144	0.49325	0.368894144	0.9572375
chr3	69171822	69171823	0.825953153	0.390583333	0.43536982	0.9379875
chr3	69172203	69172204	0.804840541	0.394233333	0.410607207	0.9158125
chr3	81533970	81533971	0.828628829	0.433533333	0.395095495	0.9351375
chr3	99629837	99629838	0.818241441	0.416666667	0.401574775	0.946075
chr3	99817572	99817573	0.807330631	0.46115	0.346180631	0.9122625
chr3	101502248	101502249	0.898392793	0.480416667	0.417976126	0.9786
chr3	101808873	101808874	0.850707207	0.46555	0.385157207	0.970975
chr3	104556025	104556026	0.81510991	0.477216667	0.337893243	0.9135
chr3	107871128	107871129	0.820308108	0.4732	0.347108108	0.9404
chr3	109072059	109072060	0.82639009	0.48935	0.33704009	0.9452625
chr3	119379220	119379221	0.833566667	0.39325	0.440316667	0.925825
chr3	119379414	119379415	0.800455856	0.3588	0.441655856	0.945
chr3	124798370	124798371	0.847227027	0.4768	0.370427027	0.9152625
chr3	125567258	125567259	0.865887387	0.491783333	0.374104054	0.9204375
chr3	130463629	130463630	0.813628829	0.487866667	0.325762162	0.90905
chr3	140805567	140805568	0.839820721	0.488466667	0.351354054	0.953175
chr3	141151009	141151010	0.810877477	0.493483333	0.317394144	0.958425
chr3	148712659	148712660	0.875654054	0.474483333	0.401170721	0.95615
chr3	152066605	152066606	0.81773964	0.4436	0.37413964	0.943675
chr3	170894132	170894133	0.829690991	0.447583333	0.382107658	0.9629375
chr3	175338908	175338909	0.892008108	0.485366667	0.406641441	0.9419125
chr3	176745490	176745491	0.86699009	0.495916667	0.371073423	0.9515375
chr3	187941999	187942000	0.864275676	0.475933333	0.388342342	0.9485
chr3	188272255	188272256	0.861397297	0.413583333	0.447813964	0.9597625
chr3	195615626	195615627	0.802661261	0.4262	0.376461261	0.9289
chr3	195615726	195615727	0.812945946	0.436366667	0.376579279	0.9665125
chr3	197584287	197584288	0.895501802	0.45615	0.439351802	0.957625
chr4	1192053	1192054	0.87976036	0.380716667	0.499043694	0.9688375
chr4	1202653	1202654	0.801643243	0.481483333	0.32015991	0.9328875
chr4	1203001	1203002	0.812534234	0.477783333	0.334750901	0.9663375
chr4	1495770	1495771	0.843793694	0.46545	0.378343694	0.9294625
chr4	1646117	1646118	0.815324324	0.496216667	0.319107658	0.956625
chr4	8154208	8154209	0.85421982	0.477466667	0.376753153	0.90395
chr4	8154405	8154406	0.869045045	0.4463	0.422745045	0.95125
chr4	10086483	10086484	0.856303604	0.48545	0.370853604	0.9130625
chr4	10110163	10110164	0.800746847	0.374566667	0.42618018	0.9262875
chr4	15375866	15375867	0.802727928	0.4762	0.326527928	0.9083875
chr4	15376116	15376117	0.811240541	0.312833333	0.498407207	0.940175
chr4	15376129	15376130	0.823036036	0.4497	0.373336036	0.9566125
chr4	15376135	15376136	0.847601802	0.377416667	0.470185135	0.9623125
chr4	15376170	15376171	0.840354955	0.388566667	0.451788288	0.970575
chr4	15376180	15376181	0.819912613	0.3773	0.442612613	0.9604625
chr4	24745718	24745719	0.82181982	0.437266667	0.384553153	0.916975
chr4	25097886	25097887	0.811462162	0.411416667	0.400045495	0.95025
chr4	25098059	25098060	0.836947748	0.475716667	0.361231081	0.9525875
chr4	53690624	53690625	0.850376577	0.445716667	0.40465991	0.933825
chr4	53906430	53906431	0.824881081	0.444283333	0.380597748	0.90165
chr4	76622044	76622045	0.891804505	0.476333333	0.415471171	0.95645
chr4	76995494	76995495	0.81736036	0.471216667	0.346143694	0.9709125
chr4	80836552	80836553	0.801778378	0.4352	0.366578378	0.936325
chr4	87974092	87974093	0.835878378	0.403	0.432878378	0.927875
chr4	88570574	88570575	0.819863964	0.441566667	0.378297297	0.9667125
chr4	88570587	88570588	0.848024324	0.47555	0.372474324	0.954875
chr4	88570638	88570639	0.854692793	0.459383333	0.395309459	0.9716875
chr4	95457406	95457407	0.842861261	0.4171	0.425761261	0.9559875
chr4	95460771	95460772	0.854137838	0.43535	0.418787838	0.9379375
chr4	100571622	100571623	0.834284685	0.393283333	0.441001351	0.9131
chr4	100573536	100573537	0.896898198	0.425433333	0.471464865	0.9315
chr4	100574455	100574456	0.915692793	0.401233333	0.514459459	0.9582625
chr4	100574596	100574597	0.899645045	0.410983333	0.488661712	0.9445875
chr4	100574653	100574654	0.877451351	0.435066667	0.442384685	0.953925
chr4	106155316	106155317	0.858982883	0.497933333	0.36104955	0.95265
chr4	119948542	119948543	0.863633333	0.305333333	0.5583	0.977225
chr4	119956180	119956181	0.841617117	0.46925	0.372367117	0.902675
chr4	129767588	129767589	0.824118018	0.430016667	0.394101351	0.939375
chr4	139766406	139766407	0.801353153	0.39685	0.404503153	0.9204875
chr4	146097432	146097433	0.833830631	0.425316667	0.408513964	0.9565375
chr4	146104495	146104496	0.80674955	0.453683333	0.353066216	0.947
chr4	148947436	148947437	0.817556757	0.370333333	0.447223423	0.9639125
chr4	152332936	152332937	0.858447748	0.47615	0.382297748	0.9315375
chr4	152592088	152592089	0.882946847	0.4797	0.403246847	0.9257875
chr4	154475566	154475567	0.871111712	0.482516667	0.388595045	0.951475
chr4	165881424	165881425	0.815243243	0.421966667	0.393276577	0.9072125
chr4	169717681	169717682	0.817096396	0.499966667	0.31712973	0.9180375
chr4	177190321	177190322	0.818252252	0.43255	0.385702252	0.9452875
chr4	177190325	177190326	0.843428829	0.44045	0.402978829	0.9348625
chr4	177190421	177190422	0.892915315	0.454366667	0.438548649	0.9614875
chr4	177191536	177191537	0.843611712	0.47945	0.364161712	0.9064375
chr4	184941395	184941396	0.841690991	0.400466667	0.441224324	0.964625
chr4	185677549	185677550	0.812297297	0.4115	0.400797297	0.93565
chr4	185724837	185724838	0.83229009	0.496166667	0.336123423	0.955675
chr4	186063110	186063111	0.831855856	0.41745	0.414405856	0.9464375
chr4	186425697	186425698	0.804302703	0.288483333	0.515819369	0.9411
chr4	186425721	186425722	0.843305405	0.4757	0.367605405	0.9576
chr4	186435617	186435618	0.889857658	0.422016667	0.467840991	0.9555125
chr4	186435667	186435668	0.897155856	0.3263	0.570855856	0.9400125
chr4	187621285	187621286	0.81334955	0.495783333	0.317566216	0.9160125
chr5	155061	155062	0.840436036	0.368466667	0.471969369	0.9061625
chr5	194607	194608	0.905061261	0.343316667	0.561744595	0.9611375
chr5	956521	956522	0.861845946	0.4655	0.396345946	0.928075
chr5	1121021	1121022	0.847574775	0.478683333	0.368891441	0.95475
chr5	1855934	1855935	0.823527928	0.416416667	0.407111261	0.935125
chr5	3225856	3225857	0.835495495	0.379583333	0.455912162	0.92885
chr5	6491884	6491885	0.832797297	0.388	0.444797297	0.9512
chr5	7399037	7399038	0.808958559	0.434616667	0.374341892	0.914175
chr5	10139180	10139181	0.813711712	0.481366667	0.332345045	0.9588
chr5	16469294	16469295	0.812331532	0.495083333	0.317248198	0.97815
chr5	38135043	38135044	0.811925225	0.41235	0.399575225	0.938425
chr5	55061936	55061937	0.804985586	0.480383333	0.324602252	0.9082375
chr5	55147245	55147246	0.801626126	0.46005	0.341576126	0.9322375
chr5	58299024	58299025	0.821427027	0.394366667	0.42706036	0.95175
chr5	58824741	58824742	0.866737838	0.470183333	0.396554505	0.92445
chr5	61714607	61714608	0.836574775	0.456083333	0.380491441	0.918
chr5	80529943	80529944	0.857385586	0.478966667	0.378418919	0.94625
chr5	89018418	89018419	0.832428829	0.494166667	0.338262162	0.9271875
chr5	90608943	90608944	0.865121622	0.480666667	0.384454955	0.928875
chr5	96256918	96256919	0.858136036	0.442066667	0.416069369	0.9104375
chr5	96380418	96380419	0.814837838	0.441333333	0.373504505	0.9327375
chr5	102132021	102132022	0.830844144	0.409683333	0.421160811	0.9529375
chr5	109042237	109042238	0.837553153	0.39815	0.439403153	0.9663625
chr5	114807774	114807775	0.862475676	0.4975	0.364975676	0.957
chr5	134608044	134608045	0.862548649	0.436016667	0.426531982	0.9593375
chr5	138731547	138731548	0.844882883	0.456266667	0.388616216	0.9323375
chr5	142422241	142422242	0.809452252	0.3491	0.460352252	0.955025
chr5	150040606	150040607	0.870240541	0.4376	0.432640541	0.9589
chr5	180030008	180030009	0.893444144	0.429483333	0.463960811	0.9444375
chr5	180071756	180071757	0.851281081	0.468716667	0.382564414	0.9334875
chr5	180640477	180640478	0.812961261	0.489283333	0.323677928	0.9284875
chr6	436928	436929	0.801667568	0.477333333	0.324334234	0.93225
chr6	2382649	2382650	0.800371171	0.392133333	0.408237838	0.9335375
chr6	2382734	2382735	0.80954955	0.407416667	0.402132883	0.9127
chr6	2713800	2713801	0.821172072	0.442033333	0.379138739	0.912025
chr6	2734480	2734481	0.845372072	0.362383333	0.482988739	0.9596625
chr6	3329936	3329937	0.880328829	0.4371	0.443228829	0.9686375
chr6	3760116	3760117	0.817525225	0.455033333	0.362491892	0.9483125
chr6	6737080	6737081	0.836532432	0.410133333	0.426399099	0.9022125
chr6	11251104	11251105	0.852720721	0.494966667	0.357754054	0.9542625
chr6	16139117	16139118	0.850157658	0.49115	0.359007658	0.9422125
chr6	16242468	16242469	0.856218018	0.480266667	0.375951351	0.94225
chr6	16324968	16324969	0.802963964	0.430316667	0.372647297	0.9205875
chr6	17169462	17169463	0.809138739	0.368083333	0.441055405	0.9469875
chr6	22718574	22718575	0.810647748	0.417216667	0.393431081	0.90345
chr6	30038922	30038923	0.843342342	0.469033333	0.374309009	0.956
chr6	31005837	31005838	0.829404505	0.4279	0.401504505	0.925425
chr6	31938777	31938778	0.800186486	0.481116667	0.31906982	0.9259
chr6	33776528	33776529	0.808741441	0.440433333	0.368308108	0.9258625
chr6	35468847	35468848	0.845107207	0.435866667	0.409240541	0.960975
chr6	41030303	41030304	0.872883784	0.4993	0.373583784	0.9619125
chr6	46049171	46049172	0.803632432	0.431433333	0.372199099	0.9311625
chr6	47749786	47749787	0.840713514	0.481466667	0.359246847	0.93085
chr6	53519753	53519754	0.856615315	0.457533333	0.399081982	0.9335
chr6	53883888	53883889	0.848603604	0.479016667	0.369586937	0.9352625
chr6	55905409	55905410	0.806891892	0.479233333	0.327658559	0.9028875
chr6	64373226	64373227	0.855551351	0.464183333	0.391368018	0.9439875
chr6	71548732	71548733	0.807448649	0.4077	0.399748649	0.960925
chr6	76045920	76045921	0.805654955	0.472216667	0.333438288	0.9179375
chr6	86370111	86370112	0.817065766	0.486766667	0.330299099	0.9634125
chr6	90024543	90024544	0.84875045	0.48795	0.36080045	0.9717375
chr6	90353508	90353509	0.803658559	0.4314	0.372258559	0.9206125
chr6	105706081	105706082	0.814396396	0.352133333	0.462263063	0.915575
chr6	107987436	107987437	0.834782883	0.43465	0.400132883	0.9325
chr6	111412794	111412795	0.802193694	0.461083333	0.34111036	0.9306375
chr6	113370857	113370858	0.80302973	0.479716667	0.323313063	0.908025
chr6	117866589	117866590	0.837418919	0.434883333	0.402535586	0.9593875
chr6	123959184	123959185	0.857355856	0.476383333	0.380972523	0.9140375
chr6	125543048	125543049	0.810866667	0.40315	0.407716667	0.9626875
chr6	130758314	130758315	0.854854955	0.493016667	0.361838288	0.9645125
chr6	136394121	136394122	0.855818018	0.467566667	0.388251351	0.909225
chr6	139564167	139564168	0.844088288	0.456566667	0.387521622	0.92255
chr6	144184557	144184558	0.822294595	0.4792	0.343094595	0.920775
chr6	149358767	149358768	0.843865766	0.411	0.432865766	0.9546875
chr6	149358802	149358803	0.868644144	0.483166667	0.385477477	0.952275
chr6	150525359	150525360	0.88320991	0.460833333	0.422376577	0.9438875
chr6	152125861	152125862	0.849927928	0.372183333	0.477744595	0.9484125
chr6	152125965	152125966	0.854145045	0.3642	0.489945045	0.940325
chr6	152126080	152126081	0.855203604	0.333116667	0.522086937	0.91765
chr6	152126092	152126093	0.856484685	0.411716667	0.444768018	0.945525
chr6	152127812	152127813	0.858445946	0.422633333	0.435812613	0.9543375
chr6	152127821	152127822	0.823489189	0.40665	0.416839189	0.9448
chr6	157470150	157470151	0.819230631	0.498016667	0.321213964	0.97425
chr6	159049761	159049762	0.84122973	0.335716667	0.505513063	0.900875
chr6	163768551	163768552	0.874787387	0.366366667	0.508420721	0.9345
chr6	166100316	166100317	0.860079279	0.438766667	0.421312613	0.9594125
chr6	167763320	167763321	0.833013514	0.486566667	0.346446847	0.9202125
chr6	168120556	168120557	0.865087387	0.459366667	0.405720721	0.915375
chr6	168376251	168376252	0.82413964	0.493183333	0.330956306	0.9454625
chr6	168797376	168797377	0.806336937	0.49815	0.308186937	0.9191375
chr6	168983411	168983412	0.902347748	0.482483333	0.419864414	0.9616875
chr6	168983447	168983448	0.868061261	0.4266	0.441461261	0.947875
chr6	169316756	169316757	0.830563964	0.486366667	0.344197297	0.9420625
chr6	170249394	170249395	0.827553153	0.47385	0.353703153	0.91285
chr6	170365525	170365526	0.828686486	0.403016667	0.42566982	0.91605
chr7	160752	160753	0.824309009	0.498116667	0.326192342	0.904525
chr7	187333	187334	0.876105405	0.30415	0.571955405	0.9056125
chr7	187339	187340	0.912395495	0.453483333	0.458912162	0.9045875
chr7	608975	608976	0.837994595	0.494133333	0.343861261	0.927925
chr7	611487	611488	0.915930631	0.437683333	0.478247297	0.9669125
chr7	612613	612614	0.827845946	0.290216667	0.537629279	0.954875
chr7	612876	612877	0.817047748	0.376016667	0.441031081	0.928075
chr7	878040	878041	0.903863964	0.485233333	0.418630631	0.972325
chr7	1059627	1059628	0.828637838	0.464716667	0.363921171	0.970825
chr7	1120141	1120142	0.8504	0.497366667	0.353033333	0.959775
chr7	1801521	1801522	0.803459459	0.419916667	0.383542793	0.9446625
chr7	2189488	2189489	0.858887387	0.421066667	0.437820721	0.9502625
chr7	2214759	2214760	0.854662162	0.492633333	0.362028829	0.9415375
chr7	2214790	2214791	0.924711712	0.472683333	0.452028378	0.9526125
chr7	2827233	2827234	0.825883784	0.41725	0.408633784	0.9205125
chr7	4774448	4774449	0.865654955	0.410983333	0.454671622	0.958075
chr7	4808895	4808896	0.810691892	0.457233333	0.353458559	0.9377
chr7	5647145	5647146	0.872851351	0.416483333	0.456368018	0.9639875
chr7	5647182	5647183	0.875985586	0.391733333	0.484252252	0.9133
chr7	5883645	5883646	0.806055856	0.4389	0.367155856	0.915525
chr7	22852335	22852336	0.844421622	0.426916667	0.417504955	0.9674
chr7	22982162	22982163	0.819907207	0.49505	0.324857207	0.94095
chr7	24818413	24818414	0.8272	0.415116667	0.412083333	0.933925
chr7	27217057	27217058	0.808984685	0.428516667	0.380468018	0.9148375
chr7	27217606	27217607	0.833228829	0.392333333	0.440895495	0.9602125
chr7	28058989	28058990	0.886444144	0.394333333	0.492110811	0.9430375
chr7	28682948	28682949	0.810448649	0.45315	0.357298649	0.94665
chr7	32183060	32183061	0.862445045	0.372033333	0.490411712	0.94895
chr7	42303654	42303655	0.834666667	0.480333333	0.354333333	0.9035
chr7	50603292	50603293	0.839351351	0.457933333	0.381418018	0.9562375
chr7	50670059	50670060	0.820441441	0.424133333	0.396308108	0.9169125
chr7	50799978	50799979	0.808213514	0.449216667	0.358996847	0.901575
chr7	55573244	55573245	0.863727928	0.41515	0.448577928	0.9457875
chr7	69120991	69120992	0.811661261	0.445583333	0.366077928	0.936175
chr7	72849909	72849910	0.817121622	0.422083333	0.395038288	0.960125
chr7	75620548	75620549	0.813886486	0.437733333	0.376153153	0.9233
chr7	87093634	87093635	0.832112613	0.425916667	0.406195946	0.9186
chr7	92412319	92412320	0.841763964	0.390383333	0.451380631	0.9616625
chr7	95115232	95115233	0.817837838	0.412983333	0.404854505	0.957775
chr7	95115246	95115247	0.825254955	0.416416667	0.408838288	0.966725
chr7	95115354	95115355	0.846791892	0.422233333	0.424558559	0.963925
chr7	101505662	101505663	0.830654054	0.440233333	0.390420721	0.9294625
chr7	101508949	101508950	0.847593694	0.449216667	0.398377027	0.9386
chr7	101789685	101789686	0.808625225	0.400433333	0.408191892	0.96345
chr7	112120785	112120786	0.83649009	0.464466667	0.372023423	0.9661625
chr7	112120799	112120800	0.873426126	0.48155	0.391876126	0.97005
chr7	120644149	120644150	0.802	0.35025	0.45175	0.955025
chr7	123295785	123295786	0.841816216	0.449716667	0.39209955	0.917425
chr7	123302399	123302400	0.901913514	0.436516667	0.465396847	0.9736
chr7	129214879	129214880	0.810735135	0.457916667	0.352818468	0.9510625
chr7	130530784	130530785	0.801444144	0.498633333	0.302810811	0.9707
chr7	130788305	130788306	0.804890991	0.46095	0.343940991	0.9278875
chr7	143012960	143012961	0.83328018	0.3761	0.45718018	0.9027125
chr7	147207052	147207053	0.865031532	0.432433333	0.432598198	0.95115
chr7	148497907	148497908	0.837654054	0.474216667	0.363437387	0.9551125
chr7	148497970	148497971	0.836716216	0.407916667	0.42879955	0.952475
chr7	149979234	149979235	0.810799099	0.437583333	0.373215766	0.949625
chr7	150885027	150885028	0.84714955	0.425	0.42214955	0.920325
chr7	150934756	150934757	0.813152252	0.48685	0.326302252	0.9551125
chr7	150935054	150935055	0.814331532	0.449716667	0.364614865	0.907275
chr7	152524814	152524815	0.815312613	0.440316667	0.374995946	0.9515625
chr7	154545101	154545102	0.845154054	0.445583333	0.399570721	0.923725
chr7	157190100	157190101	0.844436937	0.463816667	0.38062027	0.9784625
chr7	157340390	157340391	0.850740541	0.424516667	0.426223874	0.9425125
chr7	157531864	157531865	0.811487387	0.385233333	0.426254054	0.91095
chr7	157551275	157551276	0.914381982	0.388633333	0.525748649	0.9346125
chr7	157860363	157860364	0.814903604	0.308016667	0.506886937	0.9016625
chr8	1614053	1614054	0.821393694	0.4092	0.412193694	0.9342
chr8	2024249	2024250	0.917889189	0.468633333	0.449255856	0.9562625
chr8	6630612	6630613	0.85510991	0.4277	0.42740991	0.9672125
chr8	8998853	8998854	0.83043964	0.426966667	0.403472973	0.960875
chr8	9015622	9015623	0.812297297	0.4372	0.375097297	0.906725
chr8	13296060	13296061	0.855454054	0.397233333	0.458220721	0.964425
chr8	17394958	17394959	0.820148649	0.430966667	0.389181982	0.90445
chr8	25836544	25836545	0.869979279	0.45925	0.410729279	0.966125
chr8	27948927	27948928	0.821536937	0.467133333	0.354403604	0.938675
chr8	38508140	38508141	0.819452252	0.356116667	0.463335586	0.946175
chr8	40206652	40206653	0.861861261	0.499266667	0.362594595	0.964375
chr8	41518139	41518140	0.837428829	0.48685	0.350578829	0.934025
chr8	41519308	41519309	0.822181982	0.439283333	0.382898649	0.9080125
chr8	42125496	42125497	0.811092793	0.3913	0.419792793	0.9567875
chr8	42136078	42136079	0.859172973	0.486616667	0.372556306	0.9623625
chr8	42659977	42659978	0.834857658	0.423233333	0.411624324	0.9544875
chr8	49493865	49493866	0.812092793	0.303566667	0.508526126	0.9695375
chr8	49835988	49835989	0.811546847	0.36055	0.450996847	0.9186125
chr8	52721802	52721803	0.800595495	0.384266667	0.416328829	0.945425
chr8	54557599	54557600	0.819669369	0.4677	0.351969369	0.9414375
chr8	58053663	58053664	0.829445946	0.430083333	0.399362613	0.9583
chr8	59494306	59494307	0.82505045	0.47755	0.34750045	0.9136875
chr8	61086176	61086177	0.805058559	0.48485	0.320208559	0.924425
chr8	66701194	66701195	0.872489189	0.436033333	0.436455856	0.9642125
chr8	66701377	66701378	0.821618018	0.489416667	0.332201351	0.9376125
chr8	67371088	67371089	0.827956757	0.43255	0.395406757	0.9157875
chr8	75226451	75226452	0.805787387	0.45555	0.350237387	0.931075
chr8	80877113	80877114	0.862798198	0.487866667	0.374931532	0.9042875
chr8	86349754	86349755	0.845952252	0.475383333	0.370568919	0.9190625
chr8	98635106	98635107	0.828238739	0.40555	0.422688739	0.9759875
chr8	99411691	99411692	0.849414414	0.3852	0.464214414	0.946725
chr8	100811462	100811463	0.813172973	0.46045	0.352722973	0.9361125
chr8	107782373	107782374	0.807724324	0.4515	0.356224324	0.9236375
chr8	107782577	107782578	0.805085586	0.46555	0.339535586	0.9250875
chr8	110553825	110553826	0.801123423	0.488016667	0.313106757	0.94475
chr8	122755315	122755316	0.843378378	0.48395	0.359428378	0.95405
chr8	124665021	124665022	0.864441441	0.389716667	0.474724775	0.9251
chr8	124665293	124665294	0.86060991	0.490033333	0.370576577	0.9377625
chr8	126272469	126272470	0.815568468	0.439266667	0.376301802	0.9505
chr8	129440328	129440329	0.829801802	0.463383333	0.366418468	0.9322625
chr8	131317969	131317970	0.898151351	0.404383333	0.493768018	0.9727875
chr8	133880105	133880106	0.806424324	0.339883333	0.466540991	0.9155625
chr8	134115653	134115654	0.801515315	0.461583333	0.339931982	0.96255
chr8	134546052	134546053	0.872400901	0.477066667	0.395334234	0.9062375
chr8	135490787	135490788	0.840365766	0.472683333	0.367682432	0.96545
chr8	135490821	135490822	0.831462162	0.497366667	0.334095495	0.9654875
chr8	135491240	135491241	0.841421622	0.478616667	0.362804955	0.9630875
chr8	140749025	140749026	0.864754054	0.462483333	0.402270721	0.9512625
chr8	141538019	141538020	0.803944144	0.431833333	0.372110811	0.9711
chr8	141577526	141577527	0.802544144	0.4867	0.315844144	0.9645625
chr8	142310200	142310201	0.834908108	0.438583333	0.396324775	0.9477875
chr8	142612885	142612886	0.84524955	0.489216667	0.356032883	0.9526625
chr8	144343915	144343916	0.884579279	0.40275	0.481829279	0.9334375
chr8	144523541	144523542	0.84936036	0.459266667	0.390093694	0.9387
chr8	144552452	144552453	0.804102703	0.4862	0.317902703	0.9054125
chr8	144568432	144568433	0.808662162	0.450466667	0.358195495	0.9439125
chr8	145019377	145019378	0.836663964	0.429216667	0.407447297	0.9426875
chr8	145538097	145538098	0.846353153	0.479583333	0.36676982	0.9629375
chr8	145729772	145729773	0.803287387	0.4581	0.345187387	0.969675
chr9	89762972	89762973	0.80270991	0.433283333	0.369426577	0.907875
chr9	97050131	97050132	0.850636036	0.40855	0.442086036	0.91875
chr9	97856079	97856080	0.924023423	0.480683333	0.44334009	0.96175
chr9	103340474	103340475	0.853404505	0.481816667	0.371587838	0.9447375
chr9	134616431	134616432	0.800898198	0.396416667	0.404481532	0.939625
chr9	135279160	135279161	0.808130631	0.3297	0.478430631	0.9452125
chr10	680352	680353	0.804762162	0.457783333	0.346978829	0.9415125
chr10	1084935	1084936	0.874335135	0.375166667	0.499168468	0.939575
chr10	1416569	1416570	0.8921	0.455566667	0.436533333	0.9572625
chr10	1416597	1416598	0.824708108	0.48685	0.337858108	0.9511625
chr10	1443686	1443687	0.821004505	0.4666	0.354404505	0.9162
chr10	2699291	2699292	0.856923423	0.36055	0.496373423	0.9431875
chr10	2978687	2978688	0.871978378	0.380733333	0.491245045	0.960375
chr10	3868336	3868337	0.84026036	0.415283333	0.424977027	0.9190375
chr10	3868493	3868494	0.848767568	0.4132	0.435567568	0.9589125
chr10	5406543	5406544	0.807062162	0.456033333	0.351028829	0.96415
chr10	6233774	6233775	0.850565766	0.45075	0.399815766	0.9255
chr10	7216145	7216146	0.800173874	0.449466667	0.350707207	0.9263125
chr10	14816973	14816974	0.839318018	0.418266667	0.421051351	0.933075
chr10	29659046	29659047	0.819575676	0.4425	0.377075676	0.9519875
chr10	29834018	29834019	0.870590991	0.4661	0.404490991	0.9203125
chr10	29834201	29834202	0.80887027	0.3683	0.44057027	0.9016125
chr10	29887530	29887531	0.814792793	0.443733333	0.371059459	0.9438625
chr10	29932431	29932432	0.895108108	0.499233333	0.395874775	0.96575
chr10	30980898	30980899	0.885067568	0.3113	0.573767568	0.9289875
chr10	35781962	35781963	0.827653153	0.44265	0.385003153	0.93845
chr10	46322076	46322077	0.816154054	0.493683333	0.322470721	0.9105875
chr10	50340047	50340048	0.830932432	0.4731	0.357832432	0.9453625
chr10	50506293	50506294	0.871286486	0.473916667	0.39736982	0.9571625
chr10	50530771	50530772	0.81190991	0.41305	0.39885991	0.9609375
chr10	60097505	60097506	0.832883784	0.369783333	0.46310045	0.932575
chr10	61900940	61900941	0.830887387	0.463166667	0.367720721	0.9355
chr10	62637805	62637806	0.828836937	0.490583333	0.338253604	0.9092875
chr10	64239663	64239664	0.807622523	0.489866667	0.317755856	0.93785
chr10	69838818	69838819	0.850328829	0.44005	0.410278829	0.9453125
chr10	69869364	69869365	0.830856757	0.365266667	0.46559009	0.949075
chr10	73081338	73081339	0.827134234	0.477833333	0.349300901	0.952375
chr10	75314128	75314129	0.824345045	0.456766667	0.367578378	0.9633125
chr10	75401315	75401316	0.807986486	0.412583333	0.395403153	0.9350875
chr10	76868766	76868767	0.859478378	0.455616667	0.403861712	0.93085
chr10	76869969	76869970	0.828342342	0.444233333	0.384109009	0.92065
chr10	84228439	84228440	0.827899099	0.492733333	0.335165766	0.9111125
chr10	85985319	85985320	0.814454054	0.48915	0.325304054	0.9030375
chr10	88445516	88445517	0.82498018	0.431083333	0.393896847	0.9402875
chr10	88466389	88466390	0.909285586	0.4504	0.458885586	0.91145
chr10	88475771	88475772	0.809874775	0.363883333	0.445991441	0.935925
chr10	88575435	88575436	0.884746847	0.46965	0.415096847	0.95375
chr10	89969136	89969137	0.88566036	0.475133333	0.410527027	0.9500125
chr10	94594494	94594495	0.828227027	0.355983333	0.472243694	0.9602375
chr10	95706927	95706928	0.810863063	0.348783333	0.46207973	0.9508625
chr10	95972702	95972703	0.853069369	0.428616667	0.424452703	0.961525
chr10	96980135	96980136	0.812706306	0.4675	0.345206306	0.9184625
chr10	99330056	99330057	0.8421	0.424716667	0.417383333	0.94595
chr10	99330076	99330077	0.814242342	0.405216667	0.409025676	0.942475
chr10	103865456	103865457	0.835994595	0.462766667	0.373227928	0.9137625
chr10	104512523	104512524	0.823014414	0.333416667	0.489597748	0.9667375
chr10	115424103	115424104	0.872866667	0.476116667	0.39675	0.937425
chr10	121056615	121056616	0.819790991	0.40845	0.411340991	0.9520625
chr10	126632159	126632160	0.817446847	0.452916667	0.36453018	0.953225
chr10	126700684	126700685	0.801736937	0.4035	0.398236937	0.952525
chr10	130185305	130185306	0.811083784	0.401366667	0.409717117	0.9207875
chr10	130828619	130828620	0.865145045	0.34245	0.522695045	0.907825
chr10	130831421	130831422	0.812315315	0.341416667	0.470898649	0.932125
chr10	131214543	131214544	0.831751351	0.453433333	0.378318018	0.964175
chr10	131214562	131214563	0.807231532	0.462983333	0.344248198	0.926425
chr10	131577638	131577639	0.843956757	0.445766667	0.39819009	0.9302375
chr10	131584334	131584335	0.84778018	0.425116667	0.422663514	0.9383375
chr10	132999672	132999673	0.889769369	0.454816667	0.434952703	0.942225
chr10	133775762	133775763	0.807276577	0.37865	0.428626577	0.952125
chr10	134055144	134055145	0.83596036	0.430733333	0.405227027	0.964325
chr10	134536030	134536031	0.901193694	0.49605	0.405143694	0.932725
chr10	134536236	134536237	0.864790991	0.472116667	0.392674324	0.9779
chr10	134659548	134659549	0.842377477	0.499216667	0.343160811	0.9125375
chr10	134893967	134893968	0.91953964	0.489316667	0.430222973	0.9490375
chr10	134894004	134894005	0.922096396	0.43015	0.491946396	0.97355
chr10	134894796	134894797	0.886667568	0.317816667	0.568850901	0.9408
chr11	888316	888317	0.803218018	0.445083333	0.358134685	0.9110625
chr11	1156039	1156040	0.858645946	0.488383333	0.370262613	0.9640375
chr11	1889547	1889548	0.807315315	0.421966667	0.385348649	0.9528375
chr11	1892888	1892889	0.834413514	0.4507	0.383713514	0.967725
chr11	2559880	2559881	0.85440991	0.490166667	0.364243243	0.92215
chr11	3666662	3666663	0.876687387	0.4768	0.399887387	0.9351375
chr11	6501594	6501595	0.832712613	0.470366667	0.362345946	0.910975
chr11	9142260	9142261	0.808841441	0.463333333	0.345508108	0.9239125
chr11	12692986	12692987	0.865286486	0.494883333	0.370403153	0.9385375
chr11	12790203	12790204	0.840844144	0.4455	0.395344144	0.91385
chr11	13305152	13305153	0.853359459	0.480733333	0.372626126	0.9658625
chr11	14282775	14282776	0.817541441	0.462766667	0.354774775	0.9406
chr11	17409602	17409603	0.834782883	0.447666667	0.387116216	0.9326125
chr11	19223517	19223518	0.842678378	0.378533333	0.464145045	0.91755
chr11	19259298	19259299	0.885509009	0.434483333	0.451025676	0.966775
chr11	47470887	47470888	0.846417117	0.441016667	0.40540045	0.94385
chr11	57308142	57308143	0.858699099	0.495366667	0.363332432	0.9184
chr11	57308952	57308953	0.808994595	0.38195	0.427044595	0.91765
chr11	57308986	57308987	0.811146847	0.405166667	0.40598018	0.9028
chr11	58392809	58392810	0.85873964	0.44335	0.41538964	0.974125
chr11	62339136	62339137	0.834963063	0.4842	0.350763063	0.9218125
chr11	63932088	63932089	0.814241441	0.49185	0.322391441	0.9088625
chr11	63990629	63990630	0.808278378	0.418016667	0.390261712	0.9507125
chr11	64428252	64428253	0.873757658	0.465166667	0.408590991	0.9680125
chr11	64529072	64529073	0.888091892	0.4954	0.392691892	0.9705875
chr11	64594467	64594468	0.805623423	0.458383333	0.34724009	0.9327625
chr11	64594647	64594648	0.830315315	0.472216667	0.358098649	0.91035
chr11	66137134	66137135	0.822323423	0.375366667	0.446956757	0.959975
chr11	66315239	66315240	0.802917117	0.411416667	0.39150045	0.945075
chr11	68517529	68517530	0.834484685	0.467166667	0.367318018	0.9433375
chr11	70516558	70516559	0.82035045	0.473616667	0.346733784	0.9247875
chr11	73720406	73720407	0.828473874	0.4882	0.340273874	0.913625
chr11	75898195	75898196	0.905913514	0.498783333	0.40713018	0.9647375
chr11	75898203	75898204	0.842573874	0.457066667	0.385507207	0.942925
chr11	77534497	77534498	0.811054955	0.415183333	0.395871622	0.9118875
chr11	111154742	111154743	0.848436937	0.49955	0.348886937	0.917275
chr11	111154826	111154827	0.822737838	0.318866667	0.503871171	0.9475875
chr11	112163357	112163358	0.802798198	0.498933333	0.303864865	0.937275
chr11	113725687	113725688	0.803324324	0.495683333	0.307640991	0.939175
chr11	114082594	114082595	0.81944955	0.4899	0.32954955	0.9407875
chr11	122118676	122118677	0.848069369	0.4395	0.408569369	0.9445375
chr11	125214709	125214710	0.897327928	0.49295	0.404377928	0.962875
chr11	131965815	131965816	0.821753153	0.466133333	0.35561982	0.9253
chr11	132031417	132031418	0.882434234	0.467766667	0.414667568	0.9221875
chr11	132582488	132582489	0.827731532	0.293583333	0.534148198	0.9300625
chr11	132582808	132582809	0.879030631	0.449866667	0.429163964	0.960925
chr12	1478761	1478762	0.811704505	0.381783333	0.429921171	0.930525
chr12	1609245	1609246	0.808375676	0.4774	0.330975676	0.9555375
chr12	3142845	3142846	0.923592793	0.417033333	0.506559459	0.951275
chr12	4226577	4226578	0.858376577	0.4644	0.393976577	0.9196375
chr12	6950123	6950124	0.819757658	0.348816667	0.470940991	0.9143875
chr12	11151622	11151623	0.862372973	0.49875	0.363622973	0.945625
chr12	12856749	12856750	0.836813514	0.470266667	0.366546847	0.9290375
chr12	29891306	29891307	0.825836937	0.4824	0.343436937	0.9435625
chr12	45686263	45686264	0.815913514	0.400333333	0.41558018	0.9444125
chr12	56109265	56109266	0.810711712	0.46935	0.341361712	0.94335
chr12	56515094	56515095	0.830569369	0.438566667	0.392002703	0.959525
chr12	56655821	56655822	0.843258559	0.4226	0.420658559	0.9402875
chr12	57644658	57644659	0.842414414	0.329133333	0.513281081	0.9704875
chr12	57645108	57645109	0.843002703	0.384016667	0.458986036	0.9436375
chr12	58275014	58275015	0.869851351	0.4733	0.396551351	0.96835
chr12	61267009	61267010	0.858136937	0.482366667	0.37577027	0.9076125
chr12	68046905	68046906	0.85093964	0.4748	0.37613964	0.94065
chr12	75435362	75435363	0.801026126	0.462183333	0.338842793	0.9154375
chr12	76927207	76927208	0.812956757	0.413666667	0.39929009	0.9577875
chr12	96034280	96034281	0.882398198	0.4959	0.386498198	0.9356125
chr12	101961257	101961258	0.826409009	0.350866667	0.475542342	0.948575
chr12	105024473	105024474	0.852375676	0.496133333	0.356242342	0.9602125
chr12	109059679	109059680	0.804513514	0.461966667	0.342546847	0.9016
chr12	111358627	111358628	0.846342342	0.483616667	0.362725676	0.934675
chr12	111598328	111598329	0.826882883	0.43875	0.388132883	0.932825
chr12	115255983	115255984	0.828281081	0.4985	0.329781081	0.921
chr12	115256011	115256012	0.855941441	0.346916667	0.509024775	0.91235
chr12	117036703	117036704	0.832244144	0.4736	0.358644144	0.965325
chr12	120621244	120621245	0.800863063	0.453716667	0.347146396	0.925075
chr12	122614630	122614631	0.802872973	0.429633333	0.37323964	0.901375
chr12	122868973	122868974	0.819864865	0.456416667	0.363448198	0.9430375
chr12	124248926	124248927	0.801979279	0.4974	0.304579279	0.9506125
chr12	125197501	125197502	0.811201802	0.462766667	0.348435135	0.9544
chr12	128170477	128170478	0.807537838	0.450783333	0.356754505	0.9536125
chr12	130262964	130262965	0.807146847	0.354333333	0.452813514	0.9538875
chr12	130603995	130603996	0.860159459	0.49485	0.365309459	0.960275
chr12	130670760	130670761	0.883185586	0.4159	0.467285586	0.9600125
chr12	130765406	130765407	0.84023964	0.450983333	0.389256306	0.924675
chr12	130961949	130961950	0.825444144	0.49325	0.332194144	0.94535
chr12	132845336	132845337	0.813736937	0.20025	0.613486937	0.9403375
chr12	132845874	132845875	0.892701802	0.475533333	0.417168468	0.9543625
chr12	132865474	132865475	0.833586486	0.49235	0.341236486	0.9602125
chr12	133352427	133352428	0.889433333	0.49845	0.390983333	0.9437125
chr13	21303077	21303078	0.822846847	0.305016667	0.51783018	0.9119875
chr13	21400325	21400326	0.812473874	0.481683333	0.330790541	0.945
chr13	23942179	23942180	0.8732	0.468833333	0.404366667	0.951175
chr13	26496803	26496804	0.859145045	0.3718	0.487345045	0.917125
chr13	30054440	30054441	0.855496396	0.4522	0.403296396	0.9347375
chr13	35167000	35167001	0.807683784	0.46035	0.347333784	0.9154
chr13	38276207	38276208	0.825181081	0.465366667	0.359814414	0.92245
chr13	41109565	41109566	0.830464865	0.1971	0.633364865	0.91445
chr13	41109598	41109599	0.859827027	0.29	0.569827027	0.918175
chr13	45966279	45966280	0.860656757	0.46035	0.400306757	0.9548875
chr13	51011701	51011702	0.832648649	0.4599	0.372748649	0.9283375
chr13	89179261	89179262	0.847281982	0.4703	0.376981982	0.9503875
chr13	103532159	103532160	0.836367568	0.4132	0.423167568	0.936075
chr13	103532339	103532340	0.843918919	0.36985	0.474068919	0.9414375
chr13	103532349	103532350	0.843011712	0.435116667	0.407895045	0.9673875
chr13	110591252	110591253	0.820218919	0.430816667	0.389402252	0.9483375
chr13	111563046	111563047	0.848374775	0.371	0.477374775	0.953075
chr13	113648607	113648608	0.828763964	0.426383333	0.402380631	0.9536875
chr13	114065008	114065009	0.827557658	0.442883333	0.384674324	0.9660625
chr13	114065897	114065898	0.842253153	0.324816667	0.517436486	0.9582
chr13	114106419	114106420	0.84270991	0.487683333	0.355026577	0.940375
chr13	114106645	114106646	0.840155856	0.418333333	0.421822523	0.9504125
chr13	114107554	114107555	0.859096396	0.372666667	0.48642973	0.9116875
chr13	114107790	114107791	0.824241441	0.345016667	0.479224775	0.928075
chr14	20904169	20904170	0.821036036	0.443	0.378036036	0.9549
chr14	31859505	31859506	0.838654054	0.439216667	0.399437387	0.940725
chr14	31859515	31859516	0.834393694	0.452083333	0.38231036	0.9476125
chr14	60001474	60001475	0.828563964	0.499033333	0.329530631	0.9324375
chr14	64680996	64680997	0.823	0.4763	0.3467	0.9502625
chr14	64681257	64681258	0.815896396	0.4688	0.347096396	0.9364625
chr14	64682702	64682703	0.867197297	0.430483333	0.436713964	0.9525875
chr14	64682912	64682913	0.860811712	0.425516667	0.435295045	0.95985
chr14	70316638	70316639	0.914404505	0.439066667	0.475337838	0.96575
chr14	75108625	75108626	0.801489189	0.412033333	0.389455856	0.926
chr14	76394423	76394424	0.826031532	0.451083333	0.374948198	0.9645875
chr14	76630320	76630321	0.854921622	0.429683333	0.425238288	0.94985
chr14	77731074	77731075	0.830664865	0.445733333	0.384931532	0.9424875
chr14	85779929	85779930	0.826110811	0.4951	0.331010811	0.962875
chr14	92357953	92357954	0.806235135	0.419166667	0.387068468	0.9383125
chr14	94423192	94423193	0.840761261	0.354466667	0.486294595	0.9415375
chr14	94423950	94423951	0.87852973	0.356916667	0.521613063	0.9099125
chr14	94432162	94432163	0.860981081	0.493983333	0.366997748	0.9645375
chr14	94448493	94448494	0.86191982	0.47425	0.38766982	0.9614875
chr14	95331466	95331467	0.817487387	0.486016667	0.331470721	0.9165875
chr14	95585023	95585024	0.833347748	0.3707	0.462647748	0.9435375
chr14	101244542	101244543	0.837955856	0.406516667	0.431439189	0.942275
chr14	101543050	101543051	0.800633333	0.444366667	0.356266667	0.9463125
chr14	102394773	102394774	0.80140991	0.3684	0.43300991	0.94495
chr14	103990661	103990662	0.811254955	0.4824	0.328854955	0.9164375
chr14	104687369	104687370	0.834655856	0.43715	0.397505856	0.900325
chr14	105618576	105618577	0.873768468	0.449866667	0.423901802	0.90215
chr14	105793310	105793311	0.807548649	0.434566667	0.372981982	0.9555
chr14	105793554	105793555	0.881001802	0.455316667	0.425685135	0.916225
chr15	25841862	25841863	0.876259459	0.458216667	0.418042793	0.9486375
chr15	25842025	25842026	0.83096036	0.388233333	0.442727027	0.958
chr15	25842111	25842112	0.83733964	0.4845	0.35283964	0.9457
chr15	31246272	31246273	0.82510991	0.469633333	0.355476577	0.9559
chr15	33165563	33165564	0.833847748	0.349783333	0.484064414	0.949675
chr15	42650662	42650663	0.876144144	0.466266667	0.409877477	0.9577375
chr15	42651086	42651087	0.809535135	0.36145	0.448085135	0.9204125
chr15	50519374	50519375	0.841459459	0.469933333	0.371526126	0.9549
chr15	55799927	55799928	0.834818919	0.490616667	0.344202252	0.9127625
chr15	57404080	57404081	0.896128829	0.489216667	0.406912162	0.966925
chr15	58839555	58839556	0.917524324	0.494533333	0.422990991	0.9252625
chr15	61946284	61946285	0.817375676	0.471033333	0.346342342	0.9042875
chr15	63270641	63270642	0.808566667	0.495283333	0.313283333	0.9163
chr15	63372838	63372839	0.830357658	0.463266667	0.367090991	0.9644625
chr15	65602323	65602324	0.841176577	0.461083333	0.380093243	0.9390125
chr15	68399221	68399222	0.827637838	0.465633333	0.362004505	0.963775
chr15	72105880	72105881	0.899787387	0.431266667	0.468520721	0.93595
chr15	78296041	78296042	0.818834234	0.45045	0.368384234	0.9647
chr15	80818827	80818828	0.847314414	0.4737	0.373614414	0.9436125
chr15	81648729	81648730	0.808021622	0.459633333	0.348388288	0.9077125
chr15	86040528	86040529	0.861533333	0.499916667	0.361616667	0.963625
chr15	89693656	89693657	0.801220721	0.4773	0.323920721	0.9185875
chr15	99650312	99650313	0.831393694	0.455416667	0.375977027	0.9053625
chr15	99715925	99715926	0.866610811	0.44595	0.420660811	0.942725
chr15	102193416	102193417	0.845263063	0.4922	0.353063063	0.9563375
chr16	1147829	1147830	0.822842342	0.39205	0.430792342	0.9254375
chr16	2140404	2140405	0.852052252	0.455316667	0.396735586	0.9745625
chr16	2140431	2140432	0.821563964	0.4904	0.331163964	0.9670125
chr16	2168517	2168518	0.821101802	0.40535	0.415751802	0.9397875
chr16	2261107	2261108	0.82130991	0.46665	0.35465991	0.97385
chr16	2635862	2635863	0.803537838	0.432683333	0.370854505	0.9299
chr16	2749496	2749497	0.811964865	0.439533333	0.372431532	0.9392
chr16	3587183	3587184	0.831903604	0.460316667	0.371586937	0.9158125
chr16	3999188	3999189	0.867500901	0.470183333	0.397317568	0.982475
chr16	4163819	4163820	0.825727928	0.388583333	0.437144595	0.967475
chr16	12359297	12359298	0.882055856	0.450533333	0.431522523	0.9656875
chr16	29196699	29196700	0.839885586	0.44045	0.399435586	0.9555125
chr16	30386044	30386045	0.825967568	0.452816667	0.373150901	0.9238375
chr16	46791076	46791077	0.85447027	0.48995	0.36452027	0.9597625
chr16	49594026	49594027	0.825605405	0.406	0.419605405	0.9620375
chr16	49856768	49856769	0.853366667	0.485916667	0.36745	0.9078875
chr16	56713771	56713772	0.86537027	0.483766667	0.381603604	0.9661
chr16	57736130	57736131	0.879177477	0.461233333	0.417944144	0.9445625
chr16	58582488	58582489	0.874931532	0.469766667	0.405164865	0.962675
chr16	65789547	65789548	0.852317117	0.340933333	0.511383784	0.9714375
chr16	66953432	66953433	0.804084685	0.46295	0.341134685	0.9008125
chr16	66970577	66970578	0.800656757	0.47355	0.327106757	0.97045
chr16	67999055	67999056	0.853566667	0.470533333	0.383033333	0.9636
chr16	70562892	70562893	0.812752252	0.472916667	0.339835586	0.928425
chr16	79030857	79030858	0.835025225	0.4534	0.381625225	0.9314875
chr16	81214503	81214504	0.801163964	0.496916667	0.304247297	0.9002625
chr16	81806083	81806084	0.871154955	0.488366667	0.382788288	0.9551
chr16	84487078	84487079	0.823063063	0.39995	0.423113063	0.9535
chr16	85196736	85196737	0.849184685	0.480833333	0.368351351	0.94005
chr16	85242949	85242950	0.827018919	0.456266667	0.370752252	0.934375
chr16	86489326	86489327	0.801678378	0.441783333	0.359895045	0.9404
chr16	87391861	87391862	0.82762973	0.463683333	0.363946396	0.9175875
chr16	87392001	87392002	0.826404505	0.397533333	0.428871171	0.904525
chr16	87392029	87392030	0.801036036	0.396533333	0.404502703	0.9529625
chr16	87392076	87392077	0.839345946	0.493316667	0.346029279	0.941275
chr16	88185021	88185022	0.834122523	0.416733333	0.417389189	0.948975
chr16	88498132	88498133	0.807106306	0.363416667	0.44368964	0.9193625
chr16	88949985	88949986	0.823246847	0.491083333	0.332163514	0.9186625
chr16	88950197	88950198	0.850591892	0.4075	0.443091892	0.9636625
chr16	88960261	88960262	0.884294595	0.456316667	0.427977928	0.9068875
chr16	89036698	89036699	0.907902703	0.439033333	0.468869369	0.9439875
chr16	89151852	89151853	0.809154955	0.419233333	0.389921622	0.941725
chr17	733876	733877	0.805800901	0.4889	0.316900901	0.9263875
chr17	805469	805470	0.858853153	0.201233333	0.65761982	0.9117
chr17	872770	872771	0.846243243	0.490533333	0.35570991	0.940075
chr17	1437430	1437431	0.834048649	0.497883333	0.336165315	0.944575
chr17	3500417	3500418	0.860473874	0.488266667	0.372207207	0.96505
chr17	4489504	4489505	0.809143243	0.437366667	0.371776577	0.9195125
chr17	4495735	4495736	0.859636937	0.483866667	0.37577027	0.9226625
chr17	7151975	7151976	0.84889009	0.494983333	0.353906757	0.9129
chr17	7192940	7192941	0.902227928	0.372033333	0.530194595	0.9425875
chr17	7480077	7480078	0.816588288	0.498766667	0.317821622	0.9328
chr17	10421635	10421636	0.805741441	0.420316667	0.385424775	0.9245625
chr17	10421910	10421911	0.801945045	0.3492	0.452745045	0.9023375
chr17	10453296	10453297	0.837197297	0.463883333	0.373313964	0.9369375
chr17	10560676	10560677	0.8515	0.421016667	0.430483333	0.9466625
chr17	10560861	10560862	0.808933333	0.482483333	0.32645	0.9444125
chr17	10560928	10560929	0.810354054	0.438316667	0.372037387	0.9357
chr17	11461244	11461245	0.876890991	0.387883333	0.489007658	0.941275
chr17	11461316	11461317	0.902500901	0.40695	0.495550901	0.9320125
chr17	11461572	11461573	0.8307	0.365283333	0.465416667	0.9380375
chr17	12453277	12453278	0.81205045	0.485533333	0.326517117	0.9532875
chr17	15317624	15317625	0.803214414	0.40405	0.399164414	0.929025
chr17	18854760	18854761	0.851422523	0.437133333	0.414289189	0.94715
chr17	18854799	18854800	0.828721622	0.345016667	0.483704955	0.9159875
chr17	27948506	27948507	0.838638739	0.422266667	0.416372072	0.91765
chr17	27953503	27953504	0.805592793	0.456833333	0.348759459	0.9061125
chr17	30348814	30348815	0.830282883	0.4617	0.368582883	0.962675
chr17	32366529	32366530	0.8218	0.489883333	0.331916667	0.9391125
chr17	33474914	33474915	0.818738739	0.457383333	0.361355405	0.9063625
chr17	33475031	33475032	0.836831532	0.3803	0.456531532	0.946425
chr17	37814072	37814073	0.827785586	0.487633333	0.340152252	0.9371875
chr17	39573085	39573086	0.826108108	0.40305	0.423058108	0.9334
chr17	40230086	40230087	0.868020721	0.480816667	0.387204054	0.9540375
chr17	40695686	40695687	0.803234234	0.449566667	0.353667568	0.9486875
chr17	40842804	40842805	0.879633333	0.409533333	0.4701	0.96055
chr17	41852574	41852575	0.849932432	0.435433333	0.414499099	0.9210125
chr17	44347643	44347644	0.810745045	0.4832	0.327545045	0.9015375
chr17	55785087	55785088	0.813235135	0.325683333	0.487551802	0.9373875
chr17	56069567	56069568	0.878252252	0.460116667	0.418135586	0.9649625
chr17	59337073	59337074	0.802615315	0.410983333	0.391631982	0.9037625
chr17	65039695	65039696	0.920185586	0.491816667	0.428368919	0.9459
chr17	65040769	65040770	0.874736937	0.458933333	0.415803604	0.96535
chr17	65040983	65040984	0.92425045	0.4162	0.50805045	0.9650125
chr17	73056797	73056798	0.817699099	0.4299	0.387799099	0.9067
chr17	73151410	73151411	0.86441982	0.475066667	0.389353153	0.97245
chr17	74736402	74736403	0.826333333	0.445783333	0.38055	0.9528875
chr17	76446851	76446852	0.883627928	0.485116667	0.398511261	0.9549875
chr17	76471562	76471563	0.825845946	0.45505	0.370795946	0.9524625
chr17	77896584	77896585	0.822828829	0.4615	0.361328829	0.93865
chr17	77899679	77899680	0.815496396	0.486116667	0.32937973	0.9710125
chr17	78755841	78755842	0.858711712	0.47	0.388711712	0.9710125
chr17	78817642	78817643	0.819692793	0.433366667	0.386326126	0.9196
chr17	78817938	78817939	0.832515315	0.450216667	0.382298649	0.9309875
chr17	78820004	78820005	0.834845045	0.456033333	0.378811712	0.9003375
chr17	78935269	78935270	0.918744144	0.49935	0.419394144	0.9559375
chr17	79086355	79086356	0.808451351	0.485083333	0.323368018	0.9731875
chr17	79792777	79792778	0.916910811	0.446033333	0.470877477	0.92735
chr17	79792936	79792937	0.84268018	0.393683333	0.448996847	0.9185125
chr17	79792984	79792985	0.852943243	0.463883333	0.38905991	0.9267375
chr17	79793208	79793209	0.824675676	0.407783333	0.416892342	0.9084625
chr17	79865516	79865517	0.823677477	0.464	0.359677477	0.915625
chr17	79899309	79899310	0.870194595	0.492583333	0.377611261	0.952225
chr17	79976900	79976901	0.802836937	0.44315	0.359686937	0.9349875
chr17	81014667	81014668	0.853224324	0.417066667	0.436157658	0.94955
chr17	81016185	81016186	0.8259	0.468616667	0.357283333	0.942875
chr18	3220106	3220107	0.840594595	0.46595	0.374644595	0.95435
chr18	3221492	3221493	0.858954955	0.480983333	0.377971622	0.929375
chr18	7231037	7231038	0.863230631	0.34875	0.514480631	0.9437875
chr18	19409164	19409165	0.859903604	0.48205	0.377853604	0.95665
chr18	37333000	37333001	0.832551351	0.495716667	0.336834685	0.9043625
chr18	55922747	55922748	0.86532973	0.411616667	0.453713063	0.94895
chr18	55923122	55923123	0.886563964	0.428933333	0.457630631	0.94655
chr18	55924005	55924006	0.888663964	0.44485	0.443813964	0.967775
chr18	56296243	56296244	0.810277477	0.395466667	0.414810811	0.9263875
chr18	56296496	56296497	0.808696396	0.434666667	0.37402973	0.922675
chr18	67508666	67508667	0.829705405	0.493716667	0.335988739	0.9073875
chr18	74800080	74800081	0.810781081	0.499116667	0.311664414	0.910075
chr18	74804256	74804257	0.854402703	0.26965	0.584752703	0.9489875
chr18	76270967	76270968	0.810601802	0.4044	0.406201802	0.9647875
chr18	76725495	76725496	0.805108108	0.332466667	0.472641441	0.90065
chr18	77336201	77336202	0.803079279	0.49965	0.303429279	0.97465
chr18	77609087	77609088	0.818100901	0.4237	0.394400901	0.9354125
chr19	360072	360073	0.85556036	0.440266667	0.415293694	0.9431125
chr19	1152189	1152190	0.801892793	0.349066667	0.452826126	0.9286125
chr19	2046085	2046086	0.858823423	0.4613	0.397523423	0.9651
chr19	2255462	2255463	0.816712613	0.4684	0.348312613	0.9635875
chr19	2255496	2255497	0.890433333	0.49725	0.393183333	0.9472125
chr19	2255619	2255620	0.841055856	0.480683333	0.360372523	0.9306625
chr19	2255658	2255659	0.869007207	0.439416667	0.429590541	0.93965
chr19	2645923	2645924	0.889292793	0.4714	0.417892793	0.9624875
chr19	2774197	2774198	0.843481081	0.4256	0.417881081	0.964575
chr19	3942217	3942218	0.867073874	0.33795	0.529123874	0.930775
chr19	3958344	3958345	0.912201802	0.4194	0.492801802	0.9597875
chr19	4345965	4345966	0.804354955	0.458	0.346354955	0.931
chr19	4371934	4371935	0.842513514	0.441583333	0.40093018	0.906875
chr19	5507274	5507275	0.830497297	0.375416667	0.455080631	0.9633375
chr19	5507344	5507345	0.853359459	0.393466667	0.459892793	0.9609375
chr19	5507452	5507453	0.845933333	0.4827	0.363233333	0.94215
chr19	5507540	5507541	0.803886486	0.49245	0.311436486	0.9335125
chr19	8661264	8661265	0.811544144	0.497483333	0.314060811	0.934475
chr19	15446617	15446618	0.866668468	0.465216667	0.401451802	0.9017375
chr19	18120728	18120729	0.804688288	0.4883	0.316388288	0.9596625
chr19	35523468	35523469	0.875846847	0.457566667	0.41828018	0.9390625
chr19	40873973	40873974	0.863043243	0.398283333	0.46475991	0.9729875
chr19	40917184	40917185	0.812416216	0.431016667	0.38139955	0.9358
chr19	45150725	45150726	0.815387387	0.307966667	0.507420721	0.919
chr19	45822962	45822963	0.846516216	0.487416667	0.35909955	0.9125
chr19	46288852	46288853	0.811387387	0.48895	0.322437387	0.920075
chr19	46292479	46292480	0.877502703	0.41235	0.465152703	0.9496
chr19	49223278	49223279	0.872330631	0.343833333	0.528497297	0.9558
chr19	49258851	49258852	0.802713514	0.4988	0.303913514	0.9232
chr19	49576955	49576956	0.82916036	0.442916667	0.386243694	0.92555
chr19	56031373	56031374	0.827986486	0.443766667	0.38421982	0.922225
chr19	56688423	56688424	0.921132432	0.496283333	0.424849099	0.9547125
chr19	56688439	56688440	0.802055856	0.452766667	0.349289189	0.91415
chr20	3687817	3687818	0.857199099	0.423416667	0.433782432	0.9172
chr20	20066303	20066304	0.844524324	0.437683333	0.406840991	0.9457125
chr20	31643062	31643063	0.800659459	0.491133333	0.309526126	0.9047375
chr20	35092466	35092467	0.828118919	0.4382	0.389918919	0.9368375
chr20	41823021	41823022	0.832717117	0.43085	0.401867117	0.9324875
chr20	43987945	43987946	0.810885586	0.45785	0.353035586	0.9495625
chr20	44471806	44471807	0.826112613	0.421966667	0.404145946	0.9665875
chr20	48601882	48601883	0.825713514	0.474916667	0.350796847	0.9302625
chr20	57087179	57087180	0.847841441	0.491066667	0.356774775	0.9384625
chr20	57457492	57457493	0.834077477	0.351716667	0.482360811	0.9688
chr20	60858364	60858365	0.808572072	0.418266667	0.390305405	0.9740375
chr20	61151472	61151473	0.816887387	0.384433333	0.432454054	0.9513625
chr20	61947398	61947399	0.819694595	0.484283333	0.335411261	0.9459625
chr21	34166537	34166538	0.802554955	0.4456	0.356954955	0.9324125
chr21	37842700	37842701	0.811391892	0.4537	0.357691892	0.904475
chr21	43782500	43782501	0.808887387	0.433816667	0.375070721	0.9471875
chr21	44089142	44089143	0.859118018	0.388266667	0.470851351	0.974325
chr21	44486298	44486299	0.806752252	0.49055	0.316202252	0.960375
chr21	46368090	46368091	0.843827027	0.472066667	0.37176036	0.976025
chr21	46787125	46787126	0.818323423	0.413316667	0.405006757	0.93875
chr22	26137738	26137739	0.837982883	0.438883333	0.39909955	0.9443875
chr22	26137852	26137853	0.819471171	0.3452	0.474271171	0.9410625
chr22	26138429	26138430	0.853361261	0.421366667	0.431994595	0.9391
chr22	26922951	26922952	0.803761261	0.424683333	0.379077928	0.9001875
chr22	26952697	26952698	0.833963063	0.4588	0.375163063	0.9138875
chr22	36013444	36013445	0.844410811	0.4257	0.418710811	0.9685625
chr22	36013675	36013676	0.817993694	0.224783333	0.59321036	0.963025
chr22	36809318	36809319	0.808430631	0.430533333	0.377897297	0.940675
chr22	44394856	44394857	0.815925225	0.370483333	0.445441892	0.9614125
chr22	44395017	44395018	0.854901802	0.494883333	0.360018468	0.9584875
chr22	50158207	50158208	0.844440541	0.442383333	0.402057207	0.9570125