chr1	98186220	98186221	chr1	98186220	98186221	7	0	15	0	5	3	18	2	10	0	11	2	14	1	8	1
chr1	203645885	203645886	chr1	203645885	203645886	NA	NA	7	0	13	1	6	1	11	1	9	2	9	1	NA	NA
chr10	54801272	54801273	chr10	54801272	54801273	NA	NA	1	14	2	11	4	13	0	9	3	14	0	6	NA	NA
chr10	103243949	103243950	chr10	103243949	103243950	NA	NA	NA	NA	NA	NA	7	0	NA	NA	NA	NA	NA	NA	NA	NA
chr1	45231515	45231516	chr1	45231515	45231516	9	0	11	1	10	2	NA	NA	7	1	15	0	8	0	10	0
chr1	231835248	231835249	chr1	231835248	231835249	NA	NA	NA	NA	NA	NA	6	0	NA	NA	6	0	NA	NA	NA	NA
chr1	111066208	111066209	chr1	111066208	111066209	NA	NA	5	1	8	1	6	3	9	1	NA	NA	10	3	7	1
chr10	97419180	97419181	chr10	97419180	97419181	NA	NA	NA	NA	1	9	0	7	NA	NA	0	6	2	7	NA	NA
chr10	125255589	125255590	chr10	125255589	125255590	NA	NA	NA	NA	NA	NA	8	1	NA	NA	6	0	NA	NA	NA	NA
chr10	126319966	126319967	chr10	126319966	126319967	NA	NA	14	2	13	0	5	1	NA	NA	9	2	7	6	NA	NA
chr1	109764431	109764432	chr1	109764431	109764432	NA	NA	10	1	8	0	11	0	9	0	9	0	10	1	NA	NA
chr10	82985729	82985730	chr10	82985729	82985730	8	4	11	2	8	2	10	1	13	0	16	1	9	2	NA	NA
chr10	101757946	101757947	chr10	101757946	101757947	7	1	11	0	7	0	6	1	16	0	19	0	13	1	7	1
chr1	47167124	47167125	chr1	47167124	47167125	6	0	5	1	NA	NA	NA	NA	NA	NA	NA	NA	12	0	NA	NA
chr1	189166347	189166348	chr1	189166347	189166348	NA	NA	11	2	14	1	12	4	5	3	10	1	17	3	4	2
chr1	229473721	229473722	chr1	229473721	229473722	NA	NA	6	0	9	0	9	0	7	0	7	1	7	0	NA	NA
chr11	108855710	108855711	chr11	108855710	108855711	NA	NA	9	0	7	0	10	0	7	0	NA	NA	7	3	NA	NA
chr1	14435484	14435485	chr1	14435484	14435485	6	1	10	0	11	1	7	0	7	2	8	0	4	2	NA	NA
chr1	31662117	31662118	chr1	31662117	31662118	NA	NA	NA	NA	5	1	6	2	NA	NA	4	2	4	4	NA	NA
chr10	112305131	112305132	chr10	112305131	112305132	NA	NA	5	3	1	5	5	3	NA	NA	NA	NA	NA	NA	NA	NA
chr1	94819975	94819976	chr1	94819975	94819976	NA	NA	1	9	1	5	0	7	NA	NA	0	16	1	9	2	5
chr10	101062901	101062902	chr10	101062901	101062902	NA	NA	NA	NA	NA	NA	0	7	NA	NA	NA	NA	NA	NA	NA	NA
chr1	95425237	95425238	chr1	95425237	95425238	NA	NA	NA	NA	7	0	7	1	NA	NA	NA	NA	NA	NA	NA	NA
chr1	246023697	246023698	chr1	246023697	246023698	6	3	8	2	8	6	3	9	6	4	4	4	7	7	NA	NA
chr10	7849743	7849744	chr10	7849743	7849744	8	0	11	0	8	0	8	0	11	0	8	1	9	2	NA	NA
chr1	48007152	48007153	chr1	48007152	48007153	6	0	6	0	9	2	8	0	6	1	4	6	7	2	NA	NA
chr10	12079328	12079329	chr10	12079328	12079329	NA	NA	0	12	0	9	1	5	NA	NA	0	7	0	8	NA	NA
chr10	6710779	6710780	chr10	6710779	6710780	NA	NA	NA	NA	NA	NA	NA	NA	NA	NA	8	0	NA	NA	NA	NA
chr1	172149303	172149304	chr1	172149303	172149304	NA	NA	12	1	16	0	10	0	12	0	13	0	14	0	8	2
chr10	121827162	121827163	chr10	121827162	121827163	NA	NA	NA	NA	NA	NA	7	0	NA	NA	NA	NA	11	0	NA	NA
chr11	111780381	111780382	chr11	111780381	111780382	NA	NA	5	1	NA	NA	7	0	NA	NA	NA	NA	NA	NA	NA	NA
chr10	103500123	103500124	chr10	103500123	103500124	NA	NA	11	1	13	0	10	0	NA	NA	8	0	NA	NA	9	1
chr1	204281892	204281893	chr1	204281892	204281893	NA	NA	NA	NA	NA	NA	6	0	NA	NA	NA	NA	NA	NA	NA	NA
chr1	46490452	46490453	chr1	46490452	46490453	NA	NA	NA	NA	NA	NA	0	6	NA	NA	NA	NA	NA	NA	NA	NA
chr1	246704298	246704299	chr1	246704298	246704299	5	1	9	1	8	4	1	5	NA	NA	4	2	7	4	NA	NA
chr1	161775354	161775355	chr1	161775354	161775355	NA	NA	NA	NA	NA	NA	4	2	NA	NA	4	5	3	5	4	2
chr1	46417981	46417982	chr1	46417981	46417982	6	2	9	1	14	1	NA	NA	14	1	11	1	14	1	NA	NA
chr10	79162674	79162675	chr10	79162674	79162675	NA	NA	11	0	14	0	NA	NA	9	0	11	0	5	2	NA	NA
chr1	196858773	196858774	chr1	196858773	196858774	5	1	11	1	13	1	6	0	9	1	4	2	12	0	NA	NA
chr10	104750269	104750270	chr10	104750269	104750270	6	1	14	0	7	0	8	0	11	0	13	1	11	0	5	2
chr10	103668559	103668560	chr10	103668559	103668560	NA	NA	NA	NA	NA	NA	1	5	NA	NA	NA	NA	NA	NA	2	5
chr1	114595277	114595278	chr1	114595277	114595278	NA	NA	8	0	NA	NA	NA	NA	5	2	8	0	NA	NA	NA	NA
chr11	112973766	112973767	chr11	112973766	112973767	NA	NA	13	2	5	2	10	0	7	0	9	1	14	1	9	0
chr10	44971843	44971844	chr10	44971843	44971844	NA	NA	NA	NA	6	4	12	0	NA	NA	7	1	8	2	NA	NA
chr10	88234989	88234990	chr10	88234989	88234990	NA	NA	12	0	14	0	6	2	11	0	14	0	16	0	5	1
chr11	109249672	109249673	chr11	109249672	109249673	3	4	11	10	10	15	NA	NA	6	8	7	8	5	9	NA	NA
chr1	104923458	104923459	chr1	104923458	104923459	11	6	8	14	8	3	5	12	9	2	7	11	0	15	2	5
chr1	42282007	42282008	chr1	42282007	42282008	7	0	13	0	9	0	NA	NA	8	0	6	0	8	0	NA	NA
chr1	9525876	9525877	chr1	9525876	9525877	NA	NA	6	0	9	0	7	1	5	2	5	2	8	2	NA	NA
chr11	105894461	105894462	chr11	105894461	105894462	7	4	4	9	8	0	8	1	13	0	5	7	8	1	NA	NA
chr1	42811490	42811491	chr1	42811490	42811491	9	0	9	3	8	3	4	4	6	1	7	4	NA	NA	4	3
chr1	182212013	182212014	chr1	182212013	182212014	NA	NA	10	0	8	0	12	1	6	0	NA	NA	15	1	NA	NA
chr10	36211361	36211362	chr10	36211361	36211362	NA	NA	9	2	NA	NA	8	1	NA	NA	8	1	NA	NA	NA	NA
chr1	212273619	212273620	chr1	212273619	212273620	11	2	11	1	14	0	11	0	11	0	8	1	9	1	NA	NA
chr1	178696458	178696459	chr1	178696458	178696459	2	4	6	0	7	0	0	8	0	10	0	9	0	8	0	6
chr10	37862843	37862844	chr10	37862843	37862844	NA	NA	7	0	NA	NA	9	0	NA	NA	NA	NA	11	0	NA	NA
chr1	99235335	99235336	chr1	99235335	99235336	0	11	2	18	0	7	1	8	0	7	0	13	0	11	0	12
chr1	207818970	207818971	chr1	207818970	207818971	7	2	17	1	8	1	7	0	8	0	13	0	NA	NA	NA	NA
chr10	36756503	36756504	chr10	36756503	36756504	NA	NA	6	1	NA	NA	7	1	NA	NA	6	2	7	0	6	1
chr1	3091368	3091369	chr1	3091368	3091369	NA	NA	8	0	6	0	8	0	6	0	NA	NA	NA	NA	NA	NA
chr10	16581595	16581596	chr10	16581595	16581596	5	1	8	0	11	0	8	0	NA	NA	NA	NA	NA	NA	NA	NA
chr1	65461898	65461899	chr1	65461898	65461899	7	0	13	0	15	0	8	1	17	0	10	0	11	0	NA	NA
chr1	36714358	36714359	chr1	36714358	36714359	6	3	12	7	NA	NA	5	6	7	8	10	5	4	6	NA	NA
chr1	20977335	20977336	chr1	20977335	20977336	NA	NA	9	0	8	0	NA	NA	NA	NA	NA	NA	5	1	NA	NA
chr1	106079056	106079057	chr1	106079056	106079057	7	0	5	1	13	4	5	2	11	1	6	2	8	1	NA	NA
chr1	122591693	122591694	chr1	122591693	122591694	NA	NA	NA	NA	6	0	NA	NA	NA	NA	NA	NA	9	0	NA	NA
chr1	112502830	112502831	chr1	112502830	112502831	9	4	11	3	8	9	NA	NA	11	0	7	9	3	7	NA	NA
chr1	51893669	51893670	chr1	51893669	51893670	NA	NA	10	1	8	1	10	1	10	0	7	2	11	0	NA	NA
chr1	61747802	61747803	chr1	61747802	61747803	6	1	7	5	10	3	14	5	8	4	6	2	11	6	NA	NA
chr10	3912136	3912137	chr10	3912136	3912137	6	0	7	1	7	1	12	1	NA	NA	11	0	8	1	NA	NA
chr10	666503	666504	chr10	666503	666504	NA	NA	NA	NA	NA	NA	6	0	NA	NA	NA	NA	NA	NA	NA	NA
chr10	124608659	124608660	chr10	124608659	124608660	NA	NA	7	0	5	3	7	0	NA	NA	5	1	7	0	NA	NA
chr1	209067320	209067321	chr1	209067320	209067321	NA	NA	NA	NA	NA	NA	5	1	NA	NA	NA	NA	NA	NA	NA	NA
chr1	228755472	228755473	chr1	228755472	228755473	6	3	1	6	4	8	1	5	4	2	4	8	2	7	NA	NA
chr1	18873822	18873823	chr1	18873822	18873823	NA	NA	8	1	8	0	5	1	NA	NA	8	0	12	1	5	1
chr10	70994441	70994442	chr10	70994441	70994442	10	1	16	4	22	3	12	0	11	3	14	1	15	3	8	0
chr1	61001217	61001218	chr1	61001217	61001218	13	1	18	0	15	2	12	1	15	0	14	1	14	1	NA	NA
chr1	182713114	182713115	chr1	182713114	182713115	9	1	18	3	13	3	14	0	15	1	20	3	24	1	6	0
chr1	167699088	167699089	chr1	167699088	167699089	8	0	11	0	11	0	10	0	13	0	12	1	11	0	NA	NA
chr10	44840341	44840342	chr10	44840341	44840342	NA	NA	9	1	7	0	8	1	6	0	6	0	6	0	NA	NA
chr1	201254153	201254154	chr1	201254153	201254154	NA	NA	NA	NA	NA	NA	6	0	NA	NA	NA	NA	NA	NA	NA	NA
chr1	208099331	208099332	chr1	208099331	208099332	NA	NA	7	0	7	0	8	0	NA	NA	6	0	9	0	NA	NA
chr1	228432081	228432082	chr1	228432081	228432082	NA	NA	6	0	3	7	7	0	7	0	3	7	NA	NA	NA	NA
chr1	235588951	235588952	chr1	235588951	235588952	7	0	6	0	5	1	NA	NA	NA	NA	9	0	NA	NA	NA	NA
chr1	205065629	205065630	chr1	205065629	205065630	NA	NA	5	1	NA	NA	6	0	NA	NA	7	0	8	1	NA	NA
chr1	45783696	45783697	chr1	45783696	45783697	8	1	7	1	8	3	14	1	9	1	9	0	5	2	NA	NA
chr1	248737687	248737688	chr1	248737687	248737688	4	2	9	11	4	3	3	7	4	3	6	1	4	3	NA	NA
chr10	128369438	128369439	chr10	128369438	128369439	NA	NA	8	0	NA	NA	6	0	NA	NA	NA	NA	NA	NA	NA	NA
chr1	8060764	8060765	chr1	8060764	8060765	NA	NA	NA	NA	7	0	8	0	NA	NA	NA	NA	NA	NA	NA	NA
chr1	247145668	247145669	chr1	247145668	247145669	6	0	11	0	11	0	7	1	9	0	7	0	11	0	5	2
chr10	8239765	8239766	chr10	8239765	8239766	NA	NA	9	0	15	0	10	0	6	0	6	0	10	0	7	1
chr10	57222650	57222651	chr10	57222650	57222651	NA	NA	4	3	5	6	2	8	3	6	4	9	4	8	4	2
chr1	28138708	28138709	chr1	28138708	28138709	5	2	NA	NA	NA	NA	NA	NA	NA	NA	NA	NA	NA	NA	NA	NA
chr10	83699390	83699391	chr10	83699390	83699391	NA	NA	21	3	10	1	14	2	20	5	7	1	18	1	10	1
chr1	166089860	166089861	chr1	166089860	166089861	NA	NA	1	10	0	8	NA	NA	NA	NA	NA	NA	0	6	NA	NA
chr10	32189888	32189889	chr10	32189888	32189889	6	0	6	0	7	1	7	0	6	0	NA	NA	10	0	7	0
chr10	33458608	33458609	chr10	33458608	33458609	11	0	22	1	12	1	9	2	12	2	12	1	20	1	10	1
chr10	16581728	16581729	chr10	16581728	16581729	NA	NA	13	1	10	2	NA	NA	8	0	15	0	10	0	NA	NA
chr10	49342399	49342400	chr10	49342399	49342400	6	1	14	4	9	1	NA	NA	6	2	11	0	15	0	8	1
chr1	13922226	13922227	chr1	13922226	13922227	6	1	7	0	NA	NA	10	1	7	0	NA	NA	7	0	6	0
chr1	17460746	17460747	chr1	17460746	17460747	NA	NA	NA	NA	NA	NA	8	0	NA	NA	NA	NA	7	1	NA	NA
chr1	13449671	13449672	chr1	13449671	13449672	5	1	12	1	6	1	15	1	12	0	15	0	9	1	NA	NA
chr10	23410640	23410641	chr10	23410640	23410641	6	0	13	1	NA	NA	7	0	5	2	13	0	10	0	NA	NA
chr10	132473324	132473325	chr10	132473324	132473325	NA	NA	10	2	NA	NA	10	1	NA	NA	9	0	NA	NA	NA	NA
chr1	162512975	162512976	chr1	162512975	162512976	10	0	8	0	9	2	NA	NA	11	1	7	0	17	0	8	0
chr1	107826513	107826514	chr1	107826513	107826514	6	3	9	7	9	2	8	7	10	2	4	8	10	8	NA	NA
chr1	214679243	214679244	chr1	214679243	214679244	13	0	17	1	12	0	8	0	10	1	14	3	18	0	5	1
chr1	54154256	54154257	chr1	54154256	54154257	NA	NA	NA	NA	8	1	7	0	NA	NA	5	3	7	0	NA	NA
chr1	9334464	9334465	chr1	9334464	9334465	8	1	11	1	11	0	8	1	16	0	6	3	8	0	NA	NA
chr10	131431762	131431763	chr10	131431762	131431763	5	3	0	12	0	7	3	3	NA	NA	0	9	8	1	NA	NA
chr10	34592701	34592702	chr10	34592701	34592702	NA	NA	NA	NA	10	1	11	0	NA	NA	11	4	NA	NA	NA	NA
chr10	89951622	89951623	chr10	89951622	89951623	NA	NA	NA	NA	NA	NA	6	0	NA	NA	NA	NA	NA	NA	NA	NA
chr1	171840912	171840913	chr1	171840912	171840913	NA	NA	2	7	7	8	11	1	NA	NA	5	7	NA	NA	NA	NA
chr1	42605739	42605740	chr1	42605739	42605740	6	0	9	0	11	0	10	0	10	1	19	0	18	0	NA	NA
chr10	112981500	112981501	chr10	112981500	112981501	6	6	13	6	9	18	4	7	3	14	3	7	1	9	3	5
chr10	4079891	4079892	chr10	4079891	4079892	NA	NA	9	1	6	1	5	4	NA	NA	5	4	5	5	NA	NA
chr10	107470148	107470149	chr10	107470148	107470149	NA	NA	7	0	12	2	NA	NA	6	0	8	2	11	2	6	3
chr1	238026700	238026701	chr1	238026700	238026701	12	0	14	1	7	5	11	1	12	2	15	3	9	4	6	3
chr1	241862237	241862238	chr1	241862237	241862238	NA	NA	NA	NA	7	0	6	0	NA	NA	NA	NA	7	0	NA	NA
chr10	92368045	92368046	chr10	92368045	92368046	NA	NA	14	0	NA	NA	7	0	6	0	9	0	8	1	7	1
chr1	200848987	200848988	chr1	200848987	200848988	8	0	9	0	16	0	6	0	7	0	9	0	10	0	6	0
chr1	239908696	239908697	chr1	239908696	239908697	NA	NA	18	0	13	2	8	1	11	0	5	1	11	0	NA	NA
chr1	35937799	35937800	chr1	35937799	35937800	NA	NA	10	0	14	0	7	1	8	1	16	1	7	0	5	1
chr10	72985124	72985125	chr10	72985124	72985125	10	2	18	5	15	6	16	2	16	3	17	2	23	5	4	2
chr10	58480174	58480175	chr10	58480174	58480175	NA	NA	NA	NA	NA	NA	7	0	NA	NA	NA	NA	NA	NA	NA	NA
chr10	17760526	17760527	chr10	17760526	17760527	6	1	NA	NA	11	1	16	0	18	0	15	1	14	1	NA	NA
chr1	96833634	96833635	chr1	96833634	96833635	NA	NA	16	0	11	0	17	1	13	2	10	0	12	1	8	1
chr1	247296634	247296635	chr1	247296634	247296635	NA	NA	17	1	13	1	7	1	NA	NA	13	1	9	2	NA	NA
chr1	157524124	157524125	chr1	157524124	157524125	NA	NA	9	4	9	8	10	1	8	2	5	2	8	5	NA	NA
chr1	98280159	98280160	chr1	98280159	98280160	11	1	9	0	14	0	7	3	14	6	10	0	10	1	5	1
chr11	111443157	111443158	chr11	111443157	111443158	6	1	12	3	9	5	11	3	7	3	5	5	9	5	4	4
chr10	102181450	102181451	chr10	102181450	102181451	7	0	4	2	7	0	6	1	NA	NA	6	1	4	2	NA	NA
chr10	76766355	76766356	chr10	76766355	76766356	NA	NA	7	0	8	0	6	0	NA	NA	NA	NA	10	1	NA	NA
chr1	49748094	49748095	chr1	49748094	49748095	NA	NA	6	1	8	1	9	2	NA	NA	7	0	NA	NA	NA	NA
chr1	229549579	229549580	chr1	229549579	229549580	NA	NA	7	0	15	3	7	1	NA	NA	8	0	7	1	NA	NA
chr1	155689369	155689370	chr1	155689369	155689370	NA	NA	1	5	NA	NA	NA	NA	0	7	0	10	NA	NA	NA	NA
chr1	150555822	150555823	chr1	150555822	150555823	NA	NA	NA	NA	NA	NA	7	0	NA	NA	NA	NA	NA	NA	NA	NA
chr1	169335968	169335969	chr1	169335968	169335969	8	0	6	2	14	2	14	0	11	1	10	1	12	0	6	0
chr1	199968278	199968279	chr1	199968278	199968279	NA	NA	19	0	7	0	7	3	12	0	10	0	NA	NA	8	0
chr10	28244079	28244080	chr10	28244079	28244080	NA	NA	8	2	13	4	10	2	10	4	10	2	23	2	NA	NA
chr10	60302921	60302922	chr10	60302921	60302922	8	2	16	1	11	0	7	0	9	1	14	0	7	2	NA	NA
chr10	22738535	22738536	chr10	22738535	22738536	NA	NA	12	1	9	2	13	0	8	0	10	0	18	0	NA	NA
chr1	27471613	27471614	chr1	27471613	27471614	NA	NA	NA	NA	NA	NA	NA	NA	NA	NA	NA	NA	7	0	NA	NA
chr1	47933073	47933074	chr1	47933073	47933074	NA	NA	17	1	12	3	8	1	5	2	12	1	6	2	7	0
chr10	115759987	115759988	chr10	115759987	115759988	6	0	8	2	8	0	7	2	NA	NA	13	1	13	2	NA	NA
chr1	10239968	10239969	chr1	10239968	10239969	NA	NA	11	0	10	0	11	0	9	0	NA	NA	9	0	NA	NA
chr10	58952279	58952280	chr10	58952279	58952280	9	1	8	0	12	0	NA	NA	9	0	8	1	8	3	NA	NA
chr1	24173162	24173163	chr1	24173162	24173163	NA	NA	NA	NA	6	0	NA	NA	7	0	7	1	15	0	NA	NA
chr10	107544334	107544335	chr10	107544334	107544335	NA	NA	6	0	6	0	NA	NA	NA	NA	5	1	6	0	NA	NA
chr1	51468945	51468946	chr1	51468945	51468946	6	0	13	0	15	0	6	0	10	0	7	0	10	0	7	0
chr1	57814949	57814950	chr1	57814949	57814950	NA	NA	4	2	0	6	0	12	8	0	5	4	11	0	NA	NA
chr1	232253080	232253081	chr1	232253080	232253081	NA	NA	10	7	NA	NA	1	5	5	4	4	6	4	4	2	5
chr10	51944062	51944063	chr10	51944062	51944063	NA	NA	12	4	12	2	6	2	14	0	8	0	7	1	9	1
chr10	105892440	105892441	chr10	105892440	105892441	13	0	10	1	9	0	5	1	9	1	6	2	6	1	NA	NA
chr1	245842553	245842554	chr1	245842553	245842554	4	2	1	6	0	8	2	4	5	5	0	10	3	8	3	3
chr1	228293610	228293611	chr1	228293610	228293611	NA	NA	6	0	6	0	15	0	NA	NA	NA	NA	6	1	NA	NA
chr1	77169675	77169676	chr1	77169675	77169676	NA	NA	14	2	NA	NA	8	0	9	0	14	1	11	0	NA	NA
chr1	24218176	24218177	chr1	24218176	24218177	NA	NA	11	1	10	2	14	1	10	0	7	2	NA	NA	NA	NA
chr10	101795416	101795417	chr10	101795416	101795417	NA	NA	8	1	14	0	11	0	14	0	6	0	15	1	NA	NA
chr10	116949410	116949411	chr10	116949410	116949411	5	1	20	0	15	0	12	1	9	1	8	5	14	2	NA	NA
chr1	84766791	84766792	chr1	84766791	84766792	NA	NA	5	2	7	0	9	0	NA	NA	9	1	5	1	NA	NA
chr10	80532130	80532131	chr10	80532130	80532131	6	1	12	2	8	0	10	1	11	1	9	2	10	1	5	1
chr1	161815345	161815346	chr1	161815345	161815346	NA	NA	NA	NA	5	2	9	0	NA	NA	6	1	6	0	NA	NA
chr10	51993961	51993962	chr10	51993961	51993962	7	2	16	3	15	3	15	6	13	6	7	1	11	7	NA	NA
chr1	112841657	112841658	chr1	112841657	112841658	11	0	11	0	NA	NA	7	0	8	0	12	0	14	0	NA	NA
chr10	36276960	36276961	chr10	36276960	36276961	NA	NA	7	2	3	4	5	1	9	7	4	6	7	2	NA	NA
chr1	41585479	41585480	chr1	41585479	41585480	NA	NA	NA	NA	NA	NA	10	0	NA	NA	7	0	NA	NA	NA	NA
chr1	6034146	6034147	chr1	6034146	6034147	NA	NA	NA	NA	NA	NA	7	0	NA	NA	NA	NA	4	2	NA	NA
chr10	36408781	36408782	chr10	36408781	36408782	10	1	9	0	6	0	NA	NA	6	0	NA	NA	9	1	5	1
chr1	20558098	20558099	chr1	20558098	20558099	NA	NA	NA	NA	5	1	NA	NA	NA	NA	7	0	6	0	NA	NA
chr10	124656639	124656640	chr10	124656639	124656640	8	0	7	1	11	0	NA	NA	9	1	9	2	NA	NA	NA	NA
chr10	75904752	75904753	chr10	75904752	75904753	2	5	3	11	1	12	NA	NA	2	10	2	15	1	12	2	8
chr10	32258936	32258937	chr10	32258936	32258937	NA	NA	4	2	NA	NA	NA	NA	NA	NA	NA	NA	NA	NA	NA	NA
chr10	78787402	78787403	chr10	78787402	78787403	11	2	14	2	11	1	12	0	8	1	16	0	12	3	5	2
chr10	45168967	45168968	chr10	45168967	45168968	NA	NA	4	2	NA	NA	8	0	NA	NA	8	0	NA	NA	NA	NA
chr10	104799965	104799966	chr10	104799965	104799966	11	1	6	0	8	1	11	0	NA	NA	9	2	12	4	NA	NA
chr1	190478627	190478628	chr1	190478627	190478628	NA	NA	0	12	0	15	1	7	0	14	0	13	0	11	NA	NA
chr10	121447564	121447565	chr10	121447564	121447565	NA	NA	7	0	NA	NA	6	1	NA	NA	6	0	NA	NA	NA	NA
chr1	214241987	214241988	chr1	214241987	214241988	9	0	20	2	20	2	8	0	19	0	8	2	23	2	8	0
chr1	24878518	24878519	chr1	24878518	24878519	NA	NA	NA	NA	7	0	9	0	NA	NA	NA	NA	6	0	NA	NA
chr1	11754597	11754598	chr1	11754597	11754598	NA	NA	NA	NA	NA	NA	11	2	NA	NA	NA	NA	5	2	NA	NA
chr10	115723810	115723811	chr10	115723810	115723811	7	1	4	3	NA	NA	10	1	9	1	NA	NA	7	0	NA	NA
chr10	13274485	13274486	chr10	13274485	13274486	NA	NA	8	1	7	0	NA	NA	NA	NA	NA	NA	NA	NA	NA	NA
chr1	97375517	97375518	chr1	97375517	97375518	11	0	7	0	12	0	8	2	14	3	6	1	12	0	8	2
chr10	24616073	24616074	chr10	24616073	24616074	6	1	12	0	NA	NA	NA	NA	NA	NA	7	0	10	1	NA	NA
chr1	226789246	226789247	chr1	226789246	226789247	11	1	14	1	23	0	15	2	15	1	8	1	13	2	8	2
chr1	161329152	161329153	chr1	161329152	161329153	NA	NA	8	0	NA	NA	7	2	NA	NA	NA	NA	NA	NA	NA	NA
chr1	125085109	125085110	chr1	125085109	125085110	9	3	21	1	23	4	8	0	11	2	12	1	18	1	6	1
chr10	127369158	127369159	chr10	127369158	127369159	8	0	14	0	20	0	9	0	17	2	15	0	11	1	NA	NA
chr10	92278820	92278821	chr10	92278820	92278821	NA	NA	NA	NA	NA	NA	9	0	5	1	11	0	8	0	NA	NA
chr10	102181493	102181494	chr10	102181493	102181494	NA	NA	7	1	NA	NA	6	0	NA	NA	8	0	8	1	NA	NA
chr10	55794226	55794227	chr10	55794226	55794227	NA	NA	6	1	NA	NA	NA	NA	4	2	NA	NA	6	0	NA	NA
chr1	119053773	119053774	chr1	119053773	119053774	10	1	10	1	12	0	12	0	8	2	18	0	16	0	8	0
chr1	2079645	2079646	chr1	2079645	2079646	NA	NA	6	2	8	0	8	0	7	0	7	0	9	0	7	0
chr1	2018134	2018135	chr1	2018134	2018135	13	0	12	0	14	0	8	0	11	0	18	0	11	1	9	0
chr1	227385046	227385047	chr1	227385046	227385047	NA	NA	NA	NA	NA	NA	NA	NA	6	0	6	0	8	3	NA	NA
chr1	54542263	54542264	chr1	54542263	54542264	NA	NA	NA	NA	NA	NA	0	6	NA	NA	NA	NA	NA	NA	NA	NA
chr10	103482927	103482928	chr10	103482927	103482928	NA	NA	12	1	6	0	7	0	NA	NA	6	1	6	2	NA	NA
chr1	220943624	220943625	chr1	220943624	220943625	NA	NA	13	4	0	15	6	1	8	2	11	0	6	7	4	3
chr10	127995307	127995308	chr10	127995307	127995308	9	0	11	2	9	3	10	4	11	1	8	2	10	1	8	1
chr10	74532730	74532731	chr10	74532730	74532731	NA	NA	6	0	10	0	6	0	7	1	6	0	7	0	NA	NA
chr1	15924114	15924115	chr1	15924114	15924115	8	0	13	1	16	0	NA	NA	9	4	12	0	14	3	7	1
chr10	92293499	92293500	chr10	92293499	92293500	9	0	10	1	NA	NA	10	0	6	1	NA	NA	10	1	NA	NA
chr10	51065745	51065746	chr10	51065745	51065746	NA	NA	NA	NA	9	0	10	0	8	0	7	0	11	1	NA	NA
chr1	94483312	94483313	chr1	94483312	94483313	NA	NA	14	0	6	0	5	2	8	1	7	1	9	0	NA	NA
chr10	43487748	43487749	chr10	43487748	43487749	5	1	11	1	NA	NA	9	0	NA	NA	8	1	NA	NA	NA	NA
chr10	39478079	39478080	chr10	39478079	39478080	10	3	8	0	NA	NA	5	1	6	0	9	1	9	2	8	1
chr10	59134834	59134835	chr10	59134834	59134835	2	5	9	5	11	2	9	1	8	1	3	13	10	4	NA	NA
chr11	10124843	10124844	chr11	10124843	10124844	6	0	15	0	10	2	NA	NA	7	0	11	0	9	0	7	0
chr1	52207291	52207292	chr1	52207291	52207292	NA	NA	8	0	7	0	9	0	11	0	15	1	7	0	9	0
chr1	207826601	207826602	chr1	207826601	207826602	0	7	1	11	3	10	0	7	1	12	2	10	0	9	NA	NA
chr1	82047333	82047334	chr1	82047333	82047334	NA	NA	NA	NA	NA	NA	6	1	NA	NA	NA	NA	5	4	NA	NA
chr1	234628275	234628276	chr1	234628275	234628276	NA	NA	11	3	6	0	10	2	6	0	6	1	6	5	NA	NA
chr1	226244294	226244295	chr1	226244294	226244295	NA	NA	10	0	7	0	14	0	6	0	8	1	14	0	NA	NA
chr1	54145539	54145540	chr1	54145539	54145540	5	3	3	4	6	6	NA	NA	5	7	NA	NA	NA	NA	5	3
chr10	3565599	3565600	chr10	3565599	3565600	6	1	16	2	20	1	NA	NA	6	2	14	3	17	0	6	1
chr10	23155339	23155340	chr10	23155339	23155340	NA	NA	17	0	11	5	5	7	9	3	12	1	11	7	7	0
chr1	208098926	208098927	chr1	208098926	208098927	NA	NA	5	1	7	0	6	2	7	0	NA	NA	6	2	NA	NA
chr10	59586236	59586237	chr10	59586236	59586237	10	0	15	2	8	1	9	1	7	0	6	3	19	4	NA	NA
chr1	41249064	41249065	chr1	41249064	41249065	5	1	7	2	NA	NA	8	1	6	1	6	1	5	2	NA	NA
chr10	62082246	62082247	chr10	62082246	62082247	NA	NA	14	2	6	0	7	1	11	0	12	0	14	0	NA	NA
chr10	49275218	49275219	chr10	49275218	49275219	NA	NA	6	2	9	0	5	1	7	0	6	0	7	0	NA	NA
chr10	38114705	38114706	chr10	38114705	38114706	NA	NA	8	0	NA	NA	10	0	8	2	7	0	NA	NA	NA	NA
chr1	148244264	148244265	chr1	148244264	148244265	NA	NA	NA	NA	NA	NA	NA	NA	NA	NA	9	0	6	0	7	0
chr1	59136944	59136945	chr1	59136944	59136945	NA	NA	2	6	2	6	1	7	1	9	NA	NA	0	6	0	6
chr1	168370763	168370764	chr1	168370763	168370764	NA	NA	11	1	5	2	10	0	12	1	13	1	15	4	NA	NA
chr1	17874686	17874687	chr1	17874686	17874687	NA	NA	9	1	4	3	7	1	NA	NA	3	6	5	3	NA	NA
chr10	78444549	78444550	chr10	78444549	78444550	NA	NA	11	1	7	1	6	1	14	1	7	1	4	2	NA	NA
chr10	98038581	98038582	chr10	98038581	98038582	NA	NA	NA	NA	NA	NA	0	7	NA	NA	NA	NA	NA	NA	NA	NA
chr1	82287766	82287767	chr1	82287766	82287767	NA	NA	15	1	9	2	7	3	16	0	15	4	15	2	7	0
chr10	65997956	65997957	chr10	65997956	65997957	NA	NA	10	0	8	0	11	0	NA	NA	NA	NA	NA	NA	NA	NA
chr1	120420288	120420289	chr1	120420288	120420289	0	6	15	0	13	1	1	13	4	7	NA	NA	7	5	0	6
chr1	3825926	3825927	chr1	3825926	3825927	6	2	10	0	9	1	7	1	10	0	9	0	13	0	6	0
chr1	241650514	241650515	chr1	241650514	241650515	NA	NA	NA	NA	4	3	NA	NA	NA	NA	NA	NA	NA	NA	NA	NA
chr10	34334548	34334549	chr10	34334548	34334549	NA	NA	14	2	11	0	9	2	13	1	15	1	11	1	6	0
chr1	44781656	44781657	chr1	44781656	44781657	NA	NA	6	0	9	0	7	1	6	0	6	0	NA	NA	NA	NA
chr1	201342146	201342147	chr1	201342146	201342147	8	1	11	1	17	0	8	0	NA	NA	11	0	13	0	NA	NA
chr1	4669496	4669497	chr1	4669496	4669497	NA	NA	NA	NA	18	3	9	1	6	4	0	8	10	0	NA	NA
chr10	109738075	109738076	chr10	109738075	109738076	NA	NA	6	1	7	0	6	2	7	2	8	0	9	2	NA	NA
chr1	211637535	211637536	chr1	211637535	211637536	5	3	12	2	9	5	15	1	12	0	18	2	10	2	6	0
chr10	127991520	127991521	chr10	127991520	127991521	NA	NA	3	15	4	14	2	8	8	2	5	11	1	9	3	5
chr1	147849619	147849620	chr1	147849619	147849620	11	0	26	2	19	1	11	0	18	3	13	2	31	3	6	2
chr10	13341100	13341101	chr10	13341100	13341101	NA	NA	9	0	9	2	6	1	NA	NA	6	0	8	2	NA	NA
chr11	110570332	110570333	chr11	110570332	110570333	6	1	8	0	14	1	NA	NA	9	0	NA	NA	8	5	9	0
chr1	201256811	201256812	chr1	201256811	201256812	NA	NA	12	0	16	0	5	1	6	0	NA	NA	10	1	NA	NA
chr1	184112017	184112018	chr1	184112017	184112018	8	0	7	0	NA	NA	8	0	NA	NA	6	0	5	1	NA	NA
chr1	34736903	34736904	chr1	34736903	34736904	NA	NA	7	0	6	0	7	1	NA	NA	NA	NA	NA	NA	NA	NA
chr1	62285287	62285288	chr1	62285287	62285288	5	2	10	0	11	0	11	1	7	2	14	1	13	0	NA	NA
chr10	70800671	70800672	chr10	70800671	70800672	6	0	17	1	9	0	11	0	13	0	11	1	6	0	NA	NA
chr10	113292970	113292971	chr10	113292970	113292971	NA	NA	NA	NA	11	1	11	2	NA	NA	6	0	NA	NA	NA	NA
chr1	25565205	25565206	chr1	25565205	25565206	NA	NA	NA	NA	7	3	4	2	NA	NA	3	4	4	5	NA	NA
chr1	153997959	153997960	chr1	153997959	153997960	NA	NA	7	1	6	0	7	1	8	0	NA	NA	15	0	NA	NA
chr10	15881232	15881233	chr10	15881232	15881233	NA	NA	6	0	8	2	7	2	10	0	7	1	8	1	NA	NA
chr1	11627086	11627087	chr1	11627086	11627087	NA	NA	7	2	7	2	10	1	NA	NA	NA	NA	6	0	NA	NA
chr1	59117008	59117009	chr1	59117008	59117009	NA	NA	8	1	8	0	NA	NA	NA	NA	8	2	NA	NA	NA	NA
chr10	111163704	111163705	chr10	111163704	111163705	10	1	9	0	9	4	11	0	12	0	10	0	10	0	NA	NA
chr1	107405605	107405606	chr1	107405605	107405606	NA	NA	7	0	17	0	13	0	16	0	12	3	14	2	9	0
chr10	88731164	88731165	chr10	88731164	88731165	6	1	8	10	0	12	12	7	1	13	2	11	0	18	6	1
chr1	92670091	92670092	chr1	92670091	92670092	9	0	19	0	17	1	12	0	14	1	16	0	14	4	8	1
chr1	19671729	19671730	chr1	19671729	19671730	6	1	7	2	NA	NA	NA	NA	NA	NA	5	1	NA	NA	NA	NA
chr1	93218548	93218549	chr1	93218548	93218549	NA	NA	NA	NA	7	0	11	0	9	0	NA	NA	12	0	NA	NA
chr1	204094202	204094203	chr1	204094202	204094203	NA	NA	16	0	9	2	12	0	9	1	15	0	10	0	8	0
chr10	5544379	5544380	chr10	5544379	5544380	10	2	13	3	7	6	6	9	8	5	12	7	8	5	NA	NA
chr1	180948658	180948659	chr1	180948658	180948659	NA	NA	NA	NA	NA	NA	NA	NA	NA	NA	NA	NA	7	0	NA	NA
chr1	6011374	6011375	chr1	6011374	6011375	NA	NA	9	0	NA	NA	6	1	NA	NA	NA	NA	NA	NA	NA	NA
chr10	117838535	117838536	chr10	117838535	117838536	NA	NA	NA	NA	NA	NA	2	8	NA	NA	NA	NA	NA	NA	NA	NA
chr1	21358600	21358601	chr1	21358600	21358601	NA	NA	7	0	9	0	NA	NA	5	1	7	1	9	0	NA	NA
chr10	7974857	7974858	chr10	7974857	7974858	11	0	NA	NA	20	1	9	1	12	1	12	0	12	1	NA	NA
chr10	34492844	34492845	chr10	34492844	34492845	7	0	14	1	9	0	8	2	11	0	11	0	12	1	NA	NA
chr10	44979285	44979286	chr10	44979285	44979286	NA	NA	5	1	NA	NA	3	5	NA	NA	NA	NA	NA	NA	NA	NA
chr1	93200165	93200166	chr1	93200165	93200166	NA	NA	NA	NA	NA	NA	8	0	NA	NA	NA	NA	NA	NA	NA	NA
chr1	20412822	20412823	chr1	20412822	20412823	NA	NA	NA	NA	5	1	5	1	NA	NA	NA	NA	NA	NA	NA	NA
chr1	69483535	69483536	chr1	69483535	69483536	NA	NA	NA	NA	NA	NA	2	5	NA	NA	NA	NA	0	6	NA	NA
chr1	174507043	174507044	chr1	174507043	174507044	NA	NA	11	0	11	0	NA	NA	10	0	10	1	6	1	NA	NA
chr10	20145130	20145131	chr10	20145130	20145131	6	0	17	0	18	0	13	0	15	0	8	0	12	0	9	0
chr10	78785430	78785431	chr10	78785430	78785431	4	3	13	3	17	2	11	5	11	3	10	6	9	1	NA	NA
chr10	99239589	99239590	chr10	99239589	99239590	NA	NA	15	0	11	1	8	0	13	0	11	3	24	0	8	0
chr1	18073265	18073266	chr1	18073265	18073266	NA	NA	NA	NA	NA	NA	7	1	NA	NA	NA	NA	NA	NA	NA	NA
chr1	47556452	47556453	chr1	47556452	47556453	NA	NA	5	1	NA	NA	NA	NA	NA	NA	NA	NA	NA	NA	NA	NA
chr1	224965540	224965541	chr1	224965540	224965541	11	3	20	1	21	0	15	2	16	1	18	1	18	3	6	1
chr10	84509837	84509838	chr10	84509837	84509838	7	0	NA	NA	7	0	NA	NA	12	0	NA	NA	12	0	NA	NA
chr11	104129082	104129083	chr11	104129082	104129083	5	2	17	2	14	1	10	1	8	1	6	2	15	0	9	0
chr1	80816841	80816842	chr1	80816841	80816842	NA	NA	6	1	7	2	NA	NA	NA	NA	11	1	NA	NA	6	0
chr1	124714344	124714345	chr1	124714344	124714345	NA	NA	NA	NA	NA	NA	NA	NA	NA	NA	NA	NA	3	3	NA	NA
chr10	78436081	78436082	chr10	78436081	78436082	7	1	11	0	15	2	12	1	10	0	8	2	NA	NA	4	2
chr1	229433540	229433541	chr1	229433540	229433541	NA	NA	NA	NA	3	3	1	5	NA	NA	NA	NA	NA	NA	NA	NA
chr10	75267902	75267903	chr10	75267902	75267903	NA	NA	NA	NA	5	1	NA	NA	NA	NA	7	0	NA	NA	NA	NA
chr1	62747691	62747692	chr1	62747691	62747692	8	0	12	1	11	0	NA	NA	11	2	8	1	10	1	NA	NA
chr10	133310646	133310647	chr10	133310646	133310647	NA	NA	6	0	8	2	12	0	NA	NA	NA	NA	NA	NA	NA	NA
chr10	78211242	78211243	chr10	78211242	78211243	5	1	6	1	14	0	9	2	NA	NA	6	1	11	2	NA	NA
chr1	191684968	191684969	chr1	191684968	191684969	10	1	15	2	8	2	7	0	10	0	7	1	7	2	7	1
chr1	241210376	241210377	chr1	241210376	241210377	NA	NA	6	0	NA	NA	4	2	7	2	NA	NA	NA	NA	NA	NA
chr1	124897305	124897306	chr1	124897305	124897306	NA	NA	NA	NA	15	2	NA	NA	10	2	NA	NA	13	3	NA	NA
chr1	79305127	79305128	chr1	79305127	79305128	NA	NA	10	2	12	2	10	1	9	2	13	1	13	2	NA	NA
chr10	4558067	4558068	chr10	4558067	4558068	NA	NA	13	1	NA	NA	6	0	6	1	9	0	10	1	NA	NA
chr1	231384420	231384421	chr1	231384420	231384421	8	0	NA	NA	NA	NA	NA	NA	NA	NA	NA	NA	NA	NA	NA	NA
chr1	156034336	156034337	chr1	156034336	156034337	NA	NA	9	0	12	0	NA	NA	13	0	9	0	10	0	NA	NA
chr1	125064578	125064579	chr1	125064578	125064579	NA	NA	NA	NA	NA	NA	9	0	NA	NA	NA	NA	NA	NA	NA	NA
chr11	103679176	103679177	chr11	103679176	103679177	NA	NA	9	1	10	1	11	0	NA	NA	7	1	NA	NA	NA	NA
chr1	9493365	9493366	chr1	9493365	9493366	7	0	10	0	9	0	11	0	10	0	9	0	9	0	NA	NA
chr1	61858298	61858299	chr1	61858298	61858299	NA	NA	9	0	7	0	9	1	8	0	7	0	NA	NA	5	1
chr1	82696337	82696338	chr1	82696337	82696338	8	1	14	1	8	0	NA	NA	NA	NA	6	1	9	0	NA	NA
chr1	228352736	228352737	chr1	228352736	228352737	NA	NA	7	1	8	0	7	0	7	0	7	0	11	1	7	0
chr1	207911238	207911239	chr1	207911238	207911239	NA	NA	NA	NA	0	6	0	6	NA	NA	NA	NA	0	7	NA	NA
chr1	150496009	150496010	chr1	150496009	150496010	NA	NA	8	0	7	2	8	0	13	0	NA	NA	NA	NA	NA	NA
chr10	88998921	88998922	chr10	88998921	88998922	NA	NA	9	0	8	0	7	2	9	0	6	0	8	0	NA	NA
chr10	106767520	106767521	chr10	106767520	106767521	9	2	18	4	7	6	10	1	10	3	7	1	7	16	6	2
chr1	166037328	166037329	chr1	166037328	166037329	NA	NA	NA	NA	NA	NA	NA	NA	6	0	8	0	6	1	NA	NA
chr1	4945736	4945737	chr1	4945736	4945737	NA	NA	6	0	NA	NA	NA	NA	NA	NA	8	2	7	6	NA	NA
chr10	32362574	32362575	chr10	32362574	32362575	6	1	6	0	NA	NA	9	1	8	3	NA	NA	8	0	NA	NA
chr1	20764768	20764769	chr1	20764768	20764769	NA	NA	10	0	12	0	11	0	8	0	19	0	8	2	6	0
chr1	223742380	223742381	chr1	223742380	223742381	6	0	9	0	NA	NA	9	0	6	1	12	2	6	0	8	0
chr1	238580529	238580530	chr1	238580529	238580530	7	0	11	1	8	0	9	0	7	0	12	0	11	0	8	0
chr10	23189669	23189670	chr10	23189669	23189670	NA	NA	1	9	0	7	0	6	0	8	NA	NA	1	8	NA	NA
chr1	63311549	63311550	chr1	63311549	63311550	NA	NA	13	0	13	0	10	0	6	0	12	1	11	0	NA	NA
chr1	203818042	203818043	chr1	203818042	203818043	5	3	11	0	10	0	7	0	7	0	8	0	9	4	NA	NA
chr10	109773501	109773502	chr10	109773501	109773502	2	4	11	6	13	7	3	5	7	8	4	8	6	7	NA	NA
chr10	131215227	131215228	chr10	131215227	131215228	NA	NA	9	0	NA	NA	7	0	NA	NA	NA	NA	5	3	NA	NA
chr1	67520457	67520458	chr1	67520457	67520458	NA	NA	NA	NA	NA	NA	7	0	NA	NA	NA	NA	NA	NA	NA	NA
chr10	33827859	33827860	chr10	33827859	33827860	7	0	15	1	17	0	12	1	12	3	8	2	15	0	5	1
chr10	32360739	32360740	chr10	32360739	32360740	NA	NA	12	0	NA	NA	NA	NA	8	0	8	0	9	0	NA	NA
chr1	231308082	231308083	chr1	231308082	231308083	9	1	14	0	23	2	6	1	14	1	16	0	12	1	NA	NA
chr10	68851931	68851932	chr10	68851931	68851932	NA	NA	12	1	10	1	10	1	NA	NA	7	0	11	0	NA	NA
chr1	29021605	29021606	chr1	29021605	29021606	NA	NA	NA	NA	NA	NA	NA	NA	NA	NA	9	0	9	0	NA	NA
chr10	34957339	34957340	chr10	34957339	34957340	6	3	13	0	8	1	5	2	5	1	11	0	10	2	6	1
chr1	114760851	114760852	chr1	114760851	114760852	6	2	9	0	8	0	11	0	10	0	7	0	17	0	NA	NA
chr10	58645364	58645365	chr10	58645364	58645365	NA	NA	8	0	NA	NA	NA	NA	NA	NA	7	0	NA	NA	NA	NA
chr1	205906227	205906228	chr1	205906227	205906228	NA	NA	7	0	9	2	11	0	6	0	9	2	13	0	NA	NA
chr1	20590535	20590536	chr1	20590535	20590536	3	3	7	7	2	11	6	8	3	8	8	8	5	16	1	8
chr1	184037721	184037722	chr1	184037721	184037722	NA	NA	NA	NA	0	6	0	8	NA	NA	NA	NA	NA	NA	NA	NA
chr1	54126211	54126212	chr1	54126211	54126212	NA	NA	11	0	11	1	11	0	8	0	NA	NA	13	0	NA	NA
chr10	14934660	14934661	chr10	14934660	14934661	NA	NA	14	2	14	0	NA	NA	6	0	9	2	8	0	7	0
chr1	9790855	9790856	chr1	9790855	9790856	8	0	9	0	7	0	7	0	7	0	7	0	10	0	5	1
chr1	238032852	238032853	chr1	238032852	238032853	NA	NA	NA	NA	9	0	NA	NA	NA	NA	NA	NA	NA	NA	NA	NA
chr1	55907893	55907894	chr1	55907893	55907894	6	1	7	1	12	0	12	1	5	1	10	0	11	2	7	1
chr1	226756225	226756226	chr1	226756225	226756226	NA	NA	6	0	12	1	NA	NA	9	0	8	0	11	3	NA	NA
chr10	133364351	133364352	chr10	133364351	133364352	NA	NA	9	0	7	0	7	3	8	1	12	0	11	0	NA	NA
chr1	45130177	45130178	chr1	45130177	45130178	NA	NA	6	0	6	1	NA	NA	NA	NA	7	0	15	2	NA	NA
chr1	22689019	22689020	chr1	22689019	22689020	NA	NA	12	0	11	1	11	1	16	2	11	1	8	2	4	2
chr10	117891847	117891848	chr10	117891847	117891848	NA	NA	8	5	8	4	7	3	6	2	8	4	7	2	NA	NA
chr1	51498947	51498948	chr1	51498947	51498948	NA	NA	7	2	NA	NA	NA	NA	6	0	NA	NA	6	0	5	1
chr1	223799909	223799910	chr1	223799909	223799910	NA	NA	13	1	6	3	10	0	6	0	6	1	5	1	NA	NA
chr1	23011704	23011705	chr1	23011704	23011705	NA	NA	NA	NA	NA	NA	NA	NA	NA	NA	6	0	8	0	NA	NA
chr1	152515855	152515856	chr1	152515855	152515856	1	5	NA	NA	NA	NA	1	5	NA	NA	NA	NA	NA	NA	NA	NA
chr10	43305538	43305539	chr10	43305538	43305539	NA	NA	7	0	NA	NA	6	2	NA	NA	NA	NA	11	0	NA	NA
chr1	4221871	4221872	chr1	4221871	4221872	8	0	15	3	6	0	12	0	NA	NA	10	0	6	0	NA	NA
chr1	207776337	207776338	chr1	207776337	207776338	NA	NA	0	9	6	0	NA	NA	NA	NA	0	9	0	8	NA	NA
chr1	187412386	187412387	chr1	187412386	187412387	NA	NA	13	4	9	4	8	2	8	0	4	3	5	5	NA	NA
chr1	33613134	33613135	chr1	33613134	33613135	1	7	1	10	0	16	0	10	1	7	1	7	NA	NA	0	6
chr1	197125602	197125603	chr1	197125602	197125603	9	0	10	1	7	0	7	0	7	0	12	0	11	0	NA	NA
chr1	13671169	13671170	chr1	13671169	13671170	NA	NA	NA	NA	NA	NA	7	0	NA	NA	NA	NA	NA	NA	NA	NA
chr10	129872798	129872799	chr10	129872798	129872799	NA	NA	8	10	13	5	4	5	7	1	5	3	7	6	2	4
chr1	33610023	33610024	chr1	33610023	33610024	9	0	13	1	22	0	10	2	12	0	11	1	9	0	NA	NA
chr1	38198275	38198276	chr1	38198275	38198276	NA	NA	6	2	11	2	7	0	NA	NA	2	4	NA	NA	NA	NA
chr10	7905708	7905709	chr10	7905708	7905709	5	1	12	0	11	2	9	2	7	2	14	1	6	5	NA	NA
chr1	20526321	20526322	chr1	20526321	20526322	7	2	16	1	16	2	9	0	8	3	14	1	10	5	NA	NA
chr1	168465886	168465887	chr1	168465886	168465887	NA	NA	16	1	9	1	8	0	10	1	14	2	18	0	7	0
chr1	200425997	200425998	chr1	200425997	200425998	NA	NA	13	0	6	0	7	0	10	0	6	2	10	1	NA	NA
chr1	179808677	179808678	chr1	179808677	179808678	NA	NA	NA	NA	10	0	8	0	8	0	7	0	6	0	NA	NA
chr11	100670744	100670745	chr11	100670744	100670745	NA	NA	10	1	10	0	NA	NA	NA	NA	NA	NA	5	1	NA	NA
chr1	15828416	15828417	chr1	15828416	15828417	NA	NA	NA	NA	NA	NA	6	0	NA	NA	NA	NA	NA	NA	NA	NA
chr1	70540561	70540562	chr1	70540561	70540562	5	1	12	1	16	2	9	1	9	1	9	0	12	0	7	0
chr1	162179254	162179255	chr1	162179254	162179255	NA	NA	9	3	4	4	4	5	8	4	11	1	12	3	NA	NA
chr1	205213378	205213379	chr1	205213378	205213379	6	1	11	1	NA	NA	7	0	18	1	8	0	8	0	NA	NA
chr10	63582703	63582704	chr10	63582703	63582704	7	0	13	2	17	0	14	1	13	2	18	3	19	0	NA	NA
chr10	89019037	89019038	chr10	89019037	89019038	NA	NA	NA	NA	NA	NA	7	2	NA	NA	6	0	NA	NA	NA	NA
chr1	223745131	223745132	chr1	223745131	223745132	NA	NA	NA	NA	NA	NA	10	0	NA	NA	NA	NA	NA	NA	NA	NA
chr10	10650879	10650880	chr10	10650879	10650880	NA	NA	NA	NA	NA	NA	NA	NA	NA	NA	7	1	5	1	NA	NA
chr1	94796723	94796724	chr1	94796723	94796724	NA	NA	5	1	7	1	8	4	4	2	8	2	NA	NA	NA	NA
chr1	229384746	229384747	chr1	229384746	229384747	12	1	15	1	13	1	13	0	7	0	14	0	17	2	8	1
chr1	86110617	86110618	chr1	86110617	86110618	NA	NA	NA	NA	NA	NA	5	1	NA	NA	NA	NA	NA	NA	NA	NA
chr1	209073160	209073161	chr1	209073160	209073161	NA	NA	NA	NA	7	1	10	0	8	3	8	0	NA	NA	NA	NA
chr1	62436751	62436752	chr1	62436751	62436752	NA	NA	NA	NA	NA	NA	1	5	NA	NA	NA	NA	NA	NA	NA	NA
chr1	109128595	109128596	chr1	109128595	109128596	7	0	17	1	12	0	12	1	6	1	11	0	12	1	6	1
chr1	216478712	216478713	chr1	216478712	216478713	8	0	11	5	5	1	7	1	6	3	NA	NA	11	3	5	2
chr10	102844674	102844675	chr10	102844674	102844675	7	0	13	5	10	4	11	1	17	0	10	0	18	2	NA	NA
chr10	128313917	128313918	chr10	128313917	128313918	9	2	9	0	10	2	9	1	9	6	19	0	14	1	8	1
chr1	152378635	152378636	chr1	152378635	152378636	NA	NA	10	0	NA	NA	3	6	11	0	13	0	8	1	NA	NA
chr1	41016770	41016771	chr1	41016770	41016771	NA	NA	9	0	11	0	10	0	NA	NA	7	0	6	0	6	0
chr10	125088741	125088742	chr10	125088741	125088742	NA	NA	11	0	5	1	10	0	9	0	11	2	7	2	NA	NA
chr10	2818222	2818223	chr10	2818222	2818223	NA	NA	NA	NA	9	0	6	1	NA	NA	NA	NA	9	2	NA	NA
chr10	121345553	121345554	chr10	121345553	121345554	6	3	7	4	9	7	4	2	23	0	10	0	8	4	NA	NA
chr1	53874489	53874490	chr1	53874489	53874490	6	2	5	3	NA	NA	8	1	8	0	2	8	6	0	5	1
chr1	80891480	80891481	chr1	80891480	80891481	2	8	1	17	0	11	3	8	1	15	0	15	0	13	2	7
chr1	241794797	241794798	chr1	241794797	241794798	NA	NA	10	1	12	0	10	0	10	0	13	1	17	8	NA	NA
chr1	168327958	168327959	chr1	168327958	168327959	7	1	21	0	11	0	11	2	8	0	18	2	13	1	NA	NA
chr10	20189355	20189356	chr10	20189355	20189356	NA	NA	8	1	7	0	7	0	9	0	15	0	10	0	NA	NA
chr1	24503549	24503550	chr1	24503549	24503550	NA	NA	1	11	1	14	0	9	1	5	NA	NA	0	8	NA	NA
chr10	103915422	103915423	chr10	103915422	103915423	8	0	9	1	10	0	8	0	9	0	10	0	7	0	NA	NA
chr1	167216680	167216681	chr1	167216680	167216681	NA	NA	NA	NA	NA	NA	8	2	6	0	6	0	NA	NA	6	0
chr10	85311501	85311502	chr10	85311501	85311502	6	1	12	3	7	2	8	1	13	1	10	1	5	3	NA	NA
chr1	49391624	49391625	chr1	49391624	49391625	NA	NA	NA	NA	NA	NA	6	0	NA	NA	NA	NA	NA	NA	5	1
chr10	98492328	98492329	chr10	98492328	98492329	NA	NA	7	1	9	0	6	1	8	0	6	0	11	0	NA	NA
chr1	49737854	49737855	chr1	49737854	49737855	NA	NA	10	1	10	1	6	1	11	0	7	0	9	0	4	2
chr10	71484591	71484592	chr10	71484591	71484592	3	3	7	3	7	3	8	3	NA	NA	4	3	7	0	4	2
chr1	52919603	52919604	chr1	52919603	52919604	NA	NA	10	3	12	1	8	4	7	0	12	2	10	2	9	0
chr10	109186097	109186098	chr10	109186097	109186098	NA	NA	12	1	15	0	11	1	11	1	19	0	13	0	9	0
chr10	5411899	5411900	chr10	5411899	5411900	7	0	9	1	9	0	8	0	8	0	9	1	6	2	NA	NA
chr10	59466545	59466546	chr10	59466545	59466546	5	2	9	7	12	6	6	2	5	3	9	4	3	3	4	2
chr10	6065256	6065257	chr10	6065256	6065257	6	0	11	0	9	1	NA	NA	NA	NA	7	0	8	0	NA	NA
chr10	99415361	99415362	chr10	99415361	99415362	NA	NA	9	0	NA	NA	6	0	10	0	9	0	6	2	5	1
chr1	78934808	78934809	chr1	78934808	78934809	NA	NA	7	0	5	2	6	1	5	2	7	2	8	2	NA	NA
chr10	86007288	86007289	chr10	86007288	86007289	6	0	8	3	7	0	5	4	7	2	8	2	9	1	NA	NA
chr10	86623850	86623851	chr10	86623850	86623851	NA	NA	NA	NA	NA	NA	NA	NA	NA	NA	6	0	7	0	NA	NA
chr1	113121481	113121482	chr1	113121481	113121482	NA	NA	8	0	12	0	11	0	NA	NA	11	1	9	1	NA	NA
chr10	3269341	3269342	chr10	3269341	3269342	10	3	9	0	14	0	9	1	19	1	13	0	13	0	12	1
chr10	109795774	109795775	chr10	109795774	109795775	6	0	10	0	14	0	NA	NA	NA	NA	18	2	NA	NA	NA	NA
chr1	119382919	119382920	chr1	119382919	119382920	NA	NA	NA	NA	NA	NA	10	0	NA	NA	NA	NA	NA	NA	NA	NA
chr1	43993507	43993508	chr1	43993507	43993508	7	0	11	0	17	0	16	0	6	1	12	0	10	0	7	0
chr10	25441017	25441018	chr10	25441017	25441018	5	1	10	4	4	7	14	3	14	2	11	5	8	7	7	2
chr10	125154011	125154012	chr10	125154011	125154012	NA	NA	2	8	0	6	1	7	NA	NA	0	10	1	6	NA	NA
chr10	108177185	108177186	chr10	108177185	108177186	11	1	14	0	5	4	11	3	13	3	13	4	17	4	7	0
chr10	41846148	41846149	chr10	41846148	41846149	14	1	35	5	20	2	52	8	24	3	23	6	34	7	25	1
chr10	78398929	78398930	chr10	78398929	78398930	NA	NA	13	0	10	0	10	0	8	0	9	0	9	2	6	0
chr1	94904499	94904500	chr1	94904499	94904500	12	0	9	2	10	1	8	0	9	1	9	2	12	0	8	0
chr1	112399666	112399667	chr1	112399666	112399667	0	6	5	4	2	6	3	6	5	7	3	9	NA	NA	NA	NA
chr1	15674515	15674516	chr1	15674515	15674516	NA	NA	5	1	NA	NA	7	0	NA	NA	5	2	6	2	NA	NA
chr1	179836135	179836136	chr1	179836135	179836136	7	0	10	1	17	0	13	1	18	0	15	0	20	0	NA	NA
chr1	226380081	226380082	chr1	226380081	226380082	NA	NA	NA	NA	NA	NA	0	7	NA	NA	3	4	NA	NA	3	3
chr10	27108233	27108234	chr10	27108233	27108234	7	0	6	0	7	1	11	0	7	0	11	0	8	3	NA	NA
chr1	223743750	223743751	chr1	223743750	223743751	NA	NA	15	0	8	0	10	0	12	0	7	0	12	0	NA	NA
chr10	72518752	72518753	chr10	72518752	72518753	10	0	11	0	12	1	10	0	14	0	11	0	22	4	7	0
chr1	109875340	109875341	chr1	109875340	109875341	NA	NA	8	0	10	1	NA	NA	5	3	8	0	6	0	NA	NA
chr1	12132675	12132676	chr1	12132675	12132676	NA	NA	8	0	17	0	9	0	NA	NA	10	0	7	0	NA	NA
chr1	46089998	46089999	chr1	46089998	46089999	6	1	13	1	17	1	14	1	19	1	13	1	10	2	6	1
chr1	203705696	203705697	chr1	203705696	203705697	NA	NA	NA	NA	NA	NA	8	1	NA	NA	NA	NA	7	0	NA	NA
chr10	77295608	77295609	chr10	77295608	77295609	NA	NA	NA	NA	NA	NA	6	0	6	0	NA	NA	10	2	NA	NA
chr10	111007142	111007143	chr10	111007142	111007143	7	0	16	0	10	3	6	0	14	0	8	0	12	0	NA	NA
chr1	87818201	87818202	chr1	87818201	87818202	NA	NA	9	0	7	1	5	1	NA	NA	8	0	16	0	NA	NA
chr1	13892864	13892865	chr1	13892864	13892865	NA	NA	NA	NA	NA	NA	1	7	NA	NA	NA	NA	NA	NA	NA	NA
chr1	177093521	177093522	chr1	177093521	177093522	9	1	13	1	NA	NA	6	1	8	1	9	0	9	2	7	1
chr10	99901376	99901377	chr10	99901376	99901377	NA	NA	8	4	10	5	6	5	11	1	5	3	11	5	7	1
chr1	25622021	25622022	chr1	25622021	25622022	NA	NA	7	2	6	1	2	5	NA	NA	NA	NA	4	3	NA	NA
chr1	246439763	246439764	chr1	246439763	246439764	6	1	9	0	11	1	6	1	8	0	12	0	15	0	10	0
chr1	69382355	69382356	chr1	69382355	69382356	9	1	11	1	12	5	6	0	4	2	8	3	10	3	NA	NA
chr1	124776555	124776556	chr1	124776555	124776556	6	1	8	0	13	1	NA	NA	NA	NA	NA	NA	7	0	NA	NA
chr1	17866862	17866863	chr1	17866862	17866863	NA	NA	5	4	15	2	8	2	11	2	16	3	NA	NA	4	3
chr10	2976307	2976308	chr10	2976307	2976308	NA	NA	14	1	15	3	9	3	11	2	6	1	10	2	5	2
chr10	123904596	123904597	chr10	123904596	123904597	NA	NA	5	2	11	1	9	4	6	0	8	4	11	1	NA	NA
chr10	22270598	22270599	chr10	22270598	22270599	NA	NA	9	0	5	2	8	0	10	0	NA	NA	6	0	NA	NA
chr10	112835520	112835521	chr10	112835520	112835521	2	7	9	6	8	4	NA	NA	6	6	4	6	3	3	NA	NA
chr10	39021762	39021763	chr10	39021762	39021763	7	1	2	4	4	9	NA	NA	7	5	10	5	2	6	NA	NA
chr1	104916212	104916213	chr1	104916212	104916213	6	2	10	3	10	3	10	0	8	2	7	4	12	1	NA	NA
chr1	107931631	107931632	chr1	107931631	107931632	NA	NA	18	1	9	1	5	1	9	0	11	0	11	3	9	0
chr1	204034085	204034086	chr1	204034085	204034086	NA	NA	6	1	7	0	8	0	NA	NA	NA	NA	7	0	5	1
chr1	228293796	228293797	chr1	228293796	228293797	NA	NA	10	1	10	0	8	0	NA	NA	10	2	9	0	8	1
chr10	15734821	15734822	chr10	15734821	15734822	NA	NA	NA	NA	NA	NA	5	1	NA	NA	NA	NA	NA	NA	NA	NA
chr10	43776941	43776942	chr10	43776941	43776942	NA	NA	7	2	NA	NA	6	4	NA	NA	3	3	NA	NA	NA	NA
chr1	59582625	59582626	chr1	59582625	59582626	6	0	NA	NA	NA	NA	NA	NA	NA	NA	NA	NA	6	0	NA	NA
chr1	110603902	110603903	chr1	110603902	110603903	7	0	12	1	9	1	12	1	13	0	14	0	9	2	5	1
chr1	80823905	80823906	chr1	80823905	80823906	NA	NA	7	0	NA	NA	NA	NA	NA	NA	NA	NA	NA	NA	NA	NA
chr1	115355572	115355573	chr1	115355572	115355573	NA	NA	7	0	NA	NA	NA	NA	NA	NA	6	0	NA	NA	NA	NA
chr10	61308169	61308170	chr10	61308169	61308170	NA	NA	12	2	6	0	12	2	10	0	16	0	13	2	NA	NA
chr10	1163116	1163117	chr10	1163116	1163117	NA	NA	NA	NA	NA	NA	8	0	NA	NA	9	2	NA	NA	NA	NA
chr1	155970222	155970223	chr1	155970222	155970223	NA	NA	6	3	8	0	5	1	7	0	9	2	7	0	7	0
chr1	160023167	160023168	chr1	160023167	160023168	7	3	10	2	13	8	10	3	10	2	6	2	14	3	NA	NA
chr1	182258793	182258794	chr1	182258793	182258794	6	0	9	0	9	0	10	0	6	0	12	1	6	0	7	0
chr1	32294607	32294608	chr1	32294607	32294608	NA	NA	NA	NA	NA	NA	5	5	NA	NA	NA	NA	NA	NA	NA	NA
chr10	128806932	128806933	chr10	128806932	128806933	6	1	11	5	2	4	6	4	NA	NA	10	1	5	2	NA	NA
chr1	74140630	74140631	chr1	74140630	74140631	6	2	7	3	1	11	3	8	8	6	4	10	9	9	NA	NA
chr1	206458523	206458524	chr1	206458523	206458524	NA	NA	8	1	9	0	7	0	7	0	9	0	12	0	NA	NA
chr1	233849025	233849026	chr1	233849025	233849026	6	2	11	2	10	0	8	1	6	0	6	3	8	1	NA	NA
chr1	30166971	30166972	chr1	30166971	30166972	NA	NA	6	1	4	4	3	4	8	0	7	4	3	4	NA	NA
chr1	45667500	45667501	chr1	45667500	45667501	NA	NA	5	1	13	0	12	0	NA	NA	NA	NA	NA	NA	NA	NA
chr10	21705131	21705132	chr10	21705131	21705132	NA	NA	NA	NA	NA	NA	6	0	NA	NA	NA	NA	NA	NA	NA	NA
chr1	160162592	160162593	chr1	160162592	160162593	NA	NA	8	5	8	3	7	4	7	2	2	4	13	4	NA	NA
chr1	205853686	205853687	chr1	205853686	205853687	5	1	8	0	8	0	NA	NA	12	1	8	0	20	1	NA	NA
chr1	203819283	203819284	chr1	203819283	203819284	NA	NA	10	0	10	0	NA	NA	NA	NA	6	1	NA	NA	NA	NA
chr1	181193871	181193872	chr1	181193871	181193872	12	1	17	0	17	0	8	0	13	1	6	1	9	0	NA	NA
chr1	222370142	222370143	chr1	222370142	222370143	9	0	8	0	21	0	10	1	10	2	14	0	11	0	NA	NA
chr10	2860924	2860925	chr10	2860924	2860925	NA	NA	12	0	8	0	13	2	7	0	4	2	10	1	NA	NA
chr10	66487523	66487524	chr10	66487523	66487524	NA	NA	5	5	NA	NA	7	0	8	1	12	0	9	1	NA	NA
chr1	198153934	198153935	chr1	198153934	198153935	NA	NA	11	2	14	2	13	2	12	1	14	3	17	1	6	1
chr1	94222975	94222976	chr1	94222975	94222976	NA	NA	6	0	7	0	10	0	NA	NA	NA	NA	NA	NA	NA	NA
chr1	247204797	247204798	chr1	247204797	247204798	NA	NA	NA	NA	NA	NA	NA	NA	NA	NA	7	1	6	1	NA	NA
chr10	9924013	9924014	chr10	9924013	9924014	NA	NA	NA	NA	NA	NA	NA	NA	NA	NA	4	2	NA	NA	NA	NA
chr10	114002639	114002640	chr10	114002639	114002640	NA	NA	12	2	7	1	NA	NA	11	0	12	0	15	0	NA	NA
chr1	50293055	50293056	chr1	50293055	50293056	NA	NA	7	4	5	8	6	4	7	3	13	1	10	3	6	3
chr10	74191761	74191762	chr10	74191761	74191762	3	7	2	13	6	11	3	4	3	11	5	3	2	11	NA	NA
chr1	2073842	2073843	chr1	2073842	2073843	NA	NA	NA	NA	NA	NA	6	0	NA	NA	NA	NA	NA	NA	NA	NA
chr1	233148698	233148699	chr1	233148698	233148699	8	2	17	3	20	3	9	0	18	4	18	2	12	3	7	1
chr1	46005090	46005091	chr1	46005090	46005091	10	0	16	1	10	1	9	0	NA	NA	13	0	15	2	7	0
chr1	102578349	102578350	chr1	102578349	102578350	8	0	11	2	12	1	8	0	NA	NA	8	4	9	2	NA	NA
chr10	121538535	121538536	chr10	121538535	121538536	NA	NA	10	0	6	0	8	0	9	0	10	0	13	1	5	1
chr1	10650094	10650095	chr1	10650094	10650095	NA	NA	NA	NA	8	1	7	0	NA	NA	9	0	7	0	NA	NA
chr1	60583863	60583864	chr1	60583863	60583864	8	3	14	1	17	1	12	0	9	0	18	2	14	1	NA	NA
chr1	39893648	39893649	chr1	39893648	39893649	NA	NA	12	2	9	3	7	3	5	3	8	7	12	2	NA	NA
chr1	50490158	50490159	chr1	50490158	50490159	NA	NA	NA	NA	NA	NA	8	0	NA	NA	7	0	NA	NA	NA	NA
chr10	129385108	129385109	chr10	129385108	129385109	9	0	7	0	6	0	12	0	NA	NA	9	0	9	1	NA	NA
chr10	55107764	55107765	chr10	55107764	55107765	NA	NA	5	1	11	0	6	1	NA	NA	7	1	6	0	NA	NA
chr1	182872052	182872053	chr1	182872052	182872053	NA	NA	8	0	NA	NA	12	0	6	0	NA	NA	8	0	NA	NA
chr1	153591302	153591303	chr1	153591302	153591303	7	0	10	0	9	0	8	0	6	0	9	0	8	0	NA	NA
chr10	52965122	52965123	chr10	52965122	52965123	3	3	12	2	15	4	5	2	7	1	NA	NA	15	0	6	0
chr1	150427524	150427525	chr1	150427524	150427525	NA	NA	22	0	5	2	14	1	16	0	11	0	14	1	6	0
chr10	47083992	47083993	chr10	47083992	47083993	10	0	8	2	8	2	13	0	5	1	9	0	7	3	10	0
chr10	35464409	35464410	chr10	35464409	35464410	NA	NA	NA	NA	NA	NA	6	0	NA	NA	NA	NA	NA	NA	NA	NA
chr1	39960631	39960632	chr1	39960631	39960632	NA	NA	NA	NA	NA	NA	0	11	NA	NA	2	4	NA	NA	NA	NA
chr1	178964295	178964296	chr1	178964295	178964296	NA	NA	9	0	NA	NA	NA	NA	6	0	8	1	7	0	NA	NA
chr1	122634188	122634189	chr1	122634188	122634189	NA	NA	6	1	NA	NA	NA	NA	NA	NA	NA	NA	NA	NA	NA	NA
chr10	128021835	128021836	chr10	128021835	128021836	12	0	12	0	9	0	6	2	12	1	6	0	11	2	7	1
